64 64 4096
0 0 4
0 1 8
0 2 12
0 3 16
0 4 20
0 5 24
0 6 28
0 7 32
0 8 36
0 9 40
0 10 44
0 11 48
0 12 52
0 13 56
0 14 60
0 15 64
0 16 68
0 17 72
0 18 76
0 19 80
0 20 84
0 21 88
0 22 92
0 23 96
0 24 100
0 25 104
0 26 108
0 27 112
0 28 116
0 29 120
0 30 124
0 31 128
0 32 132
0 33 136
0 34 140
0 35 144
0 36 148
0 37 152
0 38 156
0 39 160
0 40 164
0 41 168
0 42 172
0 43 176
0 44 180
0 45 184
0 46 188
0 47 192
0 48 196
0 49 200
0 50 204
0 51 208
0 52 212
0 53 216
0 54 220
0 55 224
0 56 228
0 57 232
0 58 236
0 59 240
0 60 244
0 61 248
0 62 252
0 63 256
1 0 4
1 1 8
1 2 12
1 3 16
1 4 20
1 5 24
1 6 28
1 7 32
1 8 36
1 9 40
1 10 44
1 11 48
1 12 52
1 13 56
1 14 60
1 15 64
1 16 68
1 17 72
1 18 76
1 19 80
1 20 84
1 21 88
1 22 92
1 23 96
1 24 100
1 25 104
1 26 108
1 27 112
1 28 116
1 29 120
1 30 124
1 31 128
1 32 132
1 33 136
1 34 140
1 35 144
1 36 148
1 37 152
1 38 156
1 39 160
1 40 164
1 41 168
1 42 172
1 43 176
1 44 180
1 45 184
1 46 188
1 47 192
1 48 196
1 49 200
1 50 204
1 51 208
1 52 212
1 53 216
1 54 220
1 55 224
1 56 228
1 57 232
1 58 236
1 59 240
1 60 244
1 61 248
1 62 252
1 63 256
2 0 4
2 1 8
2 2 12
2 3 16
2 4 20
2 5 24
2 6 28
2 7 32
2 8 36
2 9 40
2 10 44
2 11 48
2 12 52
2 13 56
2 14 60
2 15 64
2 16 68
2 17 72
2 18 76
2 19 80
2 20 84
2 21 88
2 22 92
2 23 96
2 24 100
2 25 104
2 26 108
2 27 112
2 28 116
2 29 120
2 30 124
2 31 128
2 32 132
2 33 136
2 34 140
2 35 144
2 36 148
2 37 152
2 38 156
2 39 160
2 40 164
2 41 168
2 42 172
2 43 176
2 44 180
2 45 184
2 46 188
2 47 192
2 48 196
2 49 200
2 50 204
2 51 208
2 52 212
2 53 216
2 54 220
2 55 224
2 56 228
2 57 232
2 58 236
2 59 240
2 60 244
2 61 248
2 62 252
2 63 256
3 0 4
3 1 8
3 2 12
3 3 16
3 4 20
3 5 24
3 6 28
3 7 32
3 8 36
3 9 40
3 10 44
3 11 48
3 12 52
3 13 56
3 14 60
3 15 64
3 16 68
3 17 72
3 18 76
3 19 80
3 20 84
3 21 88
3 22 92
3 23 96
3 24 100
3 25 104
3 26 108
3 27 112
3 28 116
3 29 120
3 30 124
3 31 128
3 32 132
3 33 136
3 34 140
3 35 144
3 36 148
3 37 152
3 38 156
3 39 160
3 40 164
3 41 168
3 42 172
3 43 176
3 44 180
3 45 184
3 46 188
3 47 192
3 48 196
3 49 200
3 50 204
3 51 208
3 52 212
3 53 216
3 54 220
3 55 224
3 56 228
3 57 232
3 58 236
3 59 240
3 60 244
3 61 248
3 62 252
3 63 256
4 0 8
4 1 16
4 2 24
4 3 32
4 4 40
4 5 48
4 6 56
4 7 64
4 8 72
4 9 80
4 10 88
4 11 96
4 12 104
4 13 112
4 14 120
4 15 128
4 16 136
4 17 144
4 18 152
4 19 160
4 20 168
4 21 176
4 22 184
4 23 192
4 24 200
4 25 208
4 26 216
4 27 224
4 28 232
4 29 240
4 30 248
4 31 256
4 32 264
4 33 272
4 34 280
4 35 288
4 36 296
4 37 304
4 38 312
4 39 320
4 40 328
4 41 336
4 42 344
4 43 352
4 44 360
4 45 368
4 46 376
4 47 384
4 48 392
4 49 400
4 50 408
4 51 416
4 52 424
4 53 432
4 54 440
4 55 448
4 56 456
4 57 464
4 58 472
4 59 480
4 60 488
4 61 496
4 62 504
4 63 512
5 0 3
5 1 6
5 2 9
5 3 12
5 4 15
5 5 18
5 6 21
5 7 24
5 8 27
5 9 30
5 10 33
5 11 36
5 12 39
5 13 42
5 14 45
5 15 48
5 16 51
5 17 54
5 18 57
5 19 60
5 20 63
5 21 66
5 22 69
5 23 72
5 24 75
5 25 78
5 26 81
5 27 84
5 28 87
5 29 90
5 30 93
5 31 96
5 32 99
5 33 102
5 34 105
5 35 108
5 36 111
5 37 114
5 38 117
5 39 120
5 40 123
5 41 126
5 42 129
5 43 132
5 44 135
5 45 138
5 46 141
5 47 144
5 48 147
5 49 150
5 50 153
5 51 156
5 52 159
5 53 162
5 54 165
5 55 168
5 56 171
5 57 174
5 58 177
5 59 180
5 60 183
5 61 186
5 62 189
5 63 192
6 0 3
6 1 6
6 2 9
6 3 12
6 4 15
6 5 18
6 6 21
6 7 24
6 8 27
6 9 30
6 10 33
6 11 36
6 12 39
6 13 42
6 14 45
6 15 48
6 16 51
6 17 54
6 18 57
6 19 60
6 20 63
6 21 66
6 22 69
6 23 72
6 24 75
6 25 78
6 26 81
6 27 84
6 28 87
6 29 90
6 30 93
6 31 96
6 32 99
6 33 102
6 34 105
6 35 108
6 36 111
6 37 114
6 38 117
6 39 120
6 40 123
6 41 126
6 42 129
6 43 132
6 44 135
6 45 138
6 46 141
6 47 144
6 48 147
6 49 150
6 50 153
6 51 156
6 52 159
6 53 162
6 54 165
6 55 168
6 56 171
6 57 174
6 58 177
6 59 180
6 60 183
6 61 186
6 62 189
6 63 192
7 0 3
7 1 6
7 2 9
7 3 12
7 4 15
7 5 18
7 6 21
7 7 24
7 8 27
7 9 30
7 10 33
7 11 36
7 12 39
7 13 42
7 14 45
7 15 48
7 16 51
7 17 54
7 18 57
7 19 60
7 20 63
7 21 66
7 22 69
7 23 72
7 24 75
7 25 78
7 26 81
7 27 84
7 28 87
7 29 90
7 30 93
7 31 96
7 32 99
7 33 102
7 34 105
7 35 108
7 36 111
7 37 114
7 38 117
7 39 120
7 40 123
7 41 126
7 42 129
7 43 132
7 44 135
7 45 138
7 46 141
7 47 144
7 48 147
7 49 150
7 50 153
7 51 156
7 52 159
7 53 162
7 54 165
7 55 168
7 56 171
7 57 174
7 58 177
7 59 180
7 60 183
7 61 186
7 62 189
7 63 192
8 0 7
8 1 14
8 2 21
8 3 28
8 4 35
8 5 42
8 6 49
8 7 56
8 8 63
8 9 70
8 10 77
8 11 84
8 12 91
8 13 98
8 14 105
8 15 112
8 16 119
8 17 126
8 18 133
8 19 140
8 20 147
8 21 154
8 22 161
8 23 168
8 24 175
8 25 182
8 26 189
8 27 196
8 28 203
8 29 210
8 30 217
8 31 224
8 32 231
8 33 238
8 34 245
8 35 252
8 36 259
8 37 266
8 38 273
8 39 280
8 40 287
8 41 294
8 42 301
8 43 308
8 44 315
8 45 322
8 46 329
8 47 336
8 48 343
8 49 350
8 50 357
8 51 364
8 52 371
8 53 378
8 54 385
8 55 392
8 56 399
8 57 406
8 58 413
8 59 420
8 60 427
8 61 434
8 62 441
8 63 448
9 0 7
9 1 14
9 2 21
9 3 28
9 4 35
9 5 42
9 6 49
9 7 56
9 8 63
9 9 70
9 10 77
9 11 84
9 12 91
9 13 98
9 14 105
9 15 112
9 16 119
9 17 126
9 18 133
9 19 140
9 20 147
9 21 154
9 22 161
9 23 168
9 24 175
9 25 182
9 26 189
9 27 196
9 28 203
9 29 210
9 30 217
9 31 224
9 32 231
9 33 238
9 34 245
9 35 252
9 36 259
9 37 266
9 38 273
9 39 280
9 40 287
9 41 294
9 42 301
9 43 308
9 44 315
9 45 322
9 46 329
9 47 336
9 48 343
9 49 350
9 50 357
9 51 364
9 52 371
9 53 378
9 54 385
9 55 392
9 56 399
9 57 406
9 58 413
9 59 420
9 60 427
9 61 434
9 62 441
9 63 448
10 0 2
10 1 4
10 2 6
10 3 8
10 4 10
10 5 12
10 6 14
10 7 16
10 8 18
10 9 20
10 10 22
10 11 24
10 12 26
10 13 28
10 14 30
10 15 32
10 16 34
10 17 36
10 18 38
10 19 40
10 20 42
10 21 44
10 22 46
10 23 48
10 24 50
10 25 52
10 26 54
10 27 56
10 28 58
10 29 60
10 30 62
10 31 64
10 32 66
10 33 68
10 34 70
10 35 72
10 36 74
10 37 76
10 38 78
10 39 80
10 40 82
10 41 84
10 42 86
10 43 88
10 44 90
10 45 92
10 46 94
10 47 96
10 48 98
10 49 100
10 50 102
10 51 104
10 52 106
10 53 108
10 54 110
10 55 112
10 56 114
10 57 116
10 58 118
10 59 120
10 60 122
10 61 124
10 62 126
10 63 128
11 0 2
11 1 4
11 2 6
11 3 8
11 4 10
11 5 12
11 6 14
11 7 16
11 8 18
11 9 20
11 10 22
11 11 24
11 12 26
11 13 28
11 14 30
11 15 32
11 16 34
11 17 36
11 18 38
11 19 40
11 20 42
11 21 44
11 22 46
11 23 48
11 24 50
11 25 52
11 26 54
11 27 56
11 28 58
11 29 60
11 30 62
11 31 64
11 32 66
11 33 68
11 34 70
11 35 72
11 36 74
11 37 76
11 38 78
11 39 80
11 40 82
11 41 84
11 42 86
11 43 88
11 44 90
11 45 92
11 46 94
11 47 96
11 48 98
11 49 100
11 50 102
11 51 104
11 52 106
11 53 108
11 54 110
11 55 112
11 56 114
11 57 116
11 58 118
11 59 120
11 60 122
11 61 124
11 62 126
11 63 128
12 0 6
12 1 12
12 2 18
12 3 24
12 4 30
12 5 36
12 6 42
12 7 48
12 8 54
12 9 60
12 10 66
12 11 72
12 12 78
12 13 84
12 14 90
12 15 96
12 16 102
12 17 108
12 18 114
12 19 120
12 20 126
12 21 132
12 22 138
12 23 144
12 24 150
12 25 156
12 26 162
12 27 168
12 28 174
12 29 180
12 30 186
12 31 192
12 32 198
12 33 204
12 34 210
12 35 216
12 36 222
12 37 228
12 38 234
12 39 240
12 40 246
12 41 252
12 42 258
12 43 264
12 44 270
12 45 276
12 46 282
12 47 288
12 48 294
12 49 300
12 50 306
12 51 312
12 52 318
12 53 324
12 54 330
12 55 336
12 56 342
12 57 348
12 58 354
12 59 360
12 60 366
12 61 372
12 62 378
12 63 384
13 0 6
13 1 12
13 2 18
13 3 24
13 4 30
13 5 36
13 6 42
13 7 48
13 8 54
13 9 60
13 10 66
13 11 72
13 12 78
13 13 84
13 14 90
13 15 96
13 16 102
13 17 108
13 18 114
13 19 120
13 20 126
13 21 132
13 22 138
13 23 144
13 24 150
13 25 156
13 26 162
13 27 168
13 28 174
13 29 180
13 30 186
13 31 192
13 32 198
13 33 204
13 34 210
13 35 216
13 36 222
13 37 228
13 38 234
13 39 240
13 40 246
13 41 252
13 42 258
13 43 264
13 44 270
13 45 276
13 46 282
13 47 288
13 48 294
13 49 300
13 50 306
13 51 312
13 52 318
13 53 324
13 54 330
13 55 336
13 56 342
13 57 348
13 58 354
13 59 360
13 60 366
13 61 372
13 62 378
13 63 384
14 0 6
14 1 12
14 2 18
14 3 24
14 4 30
14 5 36
14 6 42
14 7 48
14 8 54
14 9 60
14 10 66
14 11 72
14 12 78
14 13 84
14 14 90
14 15 96
14 16 102
14 17 108
14 18 114
14 19 120
14 20 126
14 21 132
14 22 138
14 23 144
14 24 150
14 25 156
14 26 162
14 27 168
14 28 174
14 29 180
14 30 186
14 31 192
14 32 198
14 33 204
14 34 210
14 35 216
14 36 222
14 37 228
14 38 234
14 39 240
14 40 246
14 41 252
14 42 258
14 43 264
14 44 270
14 45 276
14 46 282
14 47 288
14 48 294
14 49 300
14 50 306
14 51 312
14 52 318
14 53 324
14 54 330
14 55 336
14 56 342
14 57 348
14 58 354
14 59 360
14 60 366
14 61 372
14 62 378
14 63 384
15 0 1
15 1 2
15 2 3
15 3 4
15 4 5
15 5 6
15 6 7
15 7 8
15 8 9
15 9 10
15 10 11
15 11 12
15 12 13
15 13 14
15 14 15
15 15 16
15 16 17
15 17 18
15 18 19
15 19 20
15 20 21
15 21 22
15 22 23
15 23 24
15 24 25
15 25 26
15 26 27
15 27 28
15 28 29
15 29 30
15 30 31
15 31 32
15 32 33
15 33 34
15 34 35
15 35 36
15 36 37
15 37 38
15 38 39
15 39 40
15 40 41
15 41 42
15 42 43
15 43 44
15 44 45
15 45 46
15 46 47
15 47 48
15 48 49
15 49 50
15 50 51
15 51 52
15 52 53
15 53 54
15 54 55
15 55 56
15 56 57
15 57 58
15 58 59
15 59 60
15 60 61
15 61 62
15 62 63
15 63 64
16 0 5
16 1 10
16 2 15
16 3 20
16 4 25
16 5 30
16 6 35
16 7 40
16 8 45
16 9 50
16 10 55
16 11 60
16 12 65
16 13 70
16 14 75
16 15 80
16 16 85
16 17 90
16 18 95
16 19 100
16 20 105
16 21 110
16 22 115
16 23 120
16 24 125
16 25 130
16 26 135
16 27 140
16 28 145
16 29 150
16 30 155
16 31 160
16 32 165
16 33 170
16 34 175
16 35 180
16 36 185
16 37 190
16 38 195
16 39 200
16 40 205
16 41 210
16 42 215
16 43 220
16 44 225
16 45 230
16 46 235
16 47 240
16 48 245
16 49 250
16 50 255
16 51 260
16 52 265
16 53 270
16 54 275
16 55 280
16 56 285
16 57 290
16 58 295
16 59 300
16 60 305
16 61 310
16 62 315
16 63 320
17 0 5
17 1 10
17 2 15
17 3 20
17 4 25
17 5 30
17 6 35
17 7 40
17 8 45
17 9 50
17 10 55
17 11 60
17 12 65
17 13 70
17 14 75
17 15 80
17 16 85
17 17 90
17 18 95
17 19 100
17 20 105
17 21 110
17 22 115
17 23 120
17 24 125
17 25 130
17 26 135
17 27 140
17 28 145
17 29 150
17 30 155
17 31 160
17 32 165
17 33 170
17 34 175
17 35 180
17 36 185
17 37 190
17 38 195
17 39 200
17 40 205
17 41 210
17 42 215
17 43 220
17 44 225
17 45 230
17 46 235
17 47 240
17 48 245
17 49 250
17 50 255
17 51 260
17 52 265
17 53 270
17 54 275
17 55 280
17 56 285
17 57 290
17 58 295
17 59 300
17 60 305
17 61 310
17 62 315
17 63 320
18 0 5
18 1 10
18 2 15
18 3 20
18 4 25
18 5 30
18 6 35
18 7 40
18 8 45
18 9 50
18 10 55
18 11 60
18 12 65
18 13 70
18 14 75
18 15 80
18 16 85
18 17 90
18 18 95
18 19 100
18 20 105
18 21 110
18 22 115
18 23 120
18 24 125
18 25 130
18 26 135
18 27 140
18 28 145
18 29 150
18 30 155
18 31 160
18 32 165
18 33 170
18 34 175
18 35 180
18 36 185
18 37 190
18 38 195
18 39 200
18 40 205
18 41 210
18 42 215
18 43 220
18 44 225
18 45 230
18 46 235
18 47 240
18 48 245
18 49 250
18 50 255
18 51 260
18 52 265
18 53 270
18 54 275
18 55 280
18 56 285
18 57 290
18 58 295
18 59 300
18 60 305
18 61 310
18 62 315
18 63 320
19 0 5
19 1 10
19 2 15
19 3 20
19 4 25
19 5 30
19 6 35
19 7 40
19 8 45
19 9 50
19 10 55
19 11 60
19 12 65
19 13 70
19 14 75
19 15 80
19 16 85
19 17 90
19 18 95
19 19 100
19 20 105
19 21 110
19 22 115
19 23 120
19 24 125
19 25 130
19 26 135
19 27 140
19 28 145
19 29 150
19 30 155
19 31 160
19 32 165
19 33 170
19 34 175
19 35 180
19 36 185
19 37 190
19 38 195
19 39 200
19 40 205
19 41 210
19 42 215
19 43 220
19 44 225
19 45 230
19 46 235
19 47 240
19 48 245
19 49 250
19 50 255
19 51 260
19 52 265
19 53 270
19 54 275
19 55 280
19 56 285
19 57 290
19 58 295
19 59 300
19 60 305
19 61 310
19 62 315
19 63 320
20 0 4
20 1 8
20 2 12
20 3 16
20 4 20
20 5 24
20 6 28
20 7 32
20 8 36
20 9 40
20 10 44
20 11 48
20 12 52
20 13 56
20 14 60
20 15 64
20 16 68
20 17 72
20 18 76
20 19 80
20 20 84
20 21 88
20 22 92
20 23 96
20 24 100
20 25 104
20 26 108
20 27 112
20 28 116
20 29 120
20 30 124
20 31 128
20 32 132
20 33 136
20 34 140
20 35 144
20 36 148
20 37 152
20 38 156
20 39 160
20 40 164
20 41 168
20 42 172
20 43 176
20 44 180
20 45 184
20 46 188
20 47 192
20 48 196
20 49 200
20 50 204
20 51 208
20 52 212
20 53 216
20 54 220
20 55 224
20 56 228
20 57 232
20 58 236
20 59 240
20 60 244
20 61 248
20 62 252
20 63 256
21 0 4
21 1 8
21 2 12
21 3 16
21 4 20
21 5 24
21 6 28
21 7 32
21 8 36
21 9 40
21 10 44
21 11 48
21 12 52
21 13 56
21 14 60
21 15 64
21 16 68
21 17 72
21 18 76
21 19 80
21 20 84
21 21 88
21 22 92
21 23 96
21 24 100
21 25 104
21 26 108
21 27 112
21 28 116
21 29 120
21 30 124
21 31 128
21 32 132
21 33 136
21 34 140
21 35 144
21 36 148
21 37 152
21 38 156
21 39 160
21 40 164
21 41 168
21 42 172
21 43 176
21 44 180
21 45 184
21 46 188
21 47 192
21 48 196
21 49 200
21 50 204
21 51 208
21 52 212
21 53 216
21 54 220
21 55 224
21 56 228
21 57 232
21 58 236
21 59 240
21 60 244
21 61 248
21 62 252
21 63 256
22 0 4
22 1 8
22 2 12
22 3 16
22 4 20
22 5 24
22 6 28
22 7 32
22 8 36
22 9 40
22 10 44
22 11 48
22 12 52
22 13 56
22 14 60
22 15 64
22 16 68
22 17 72
22 18 76
22 19 80
22 20 84
22 21 88
22 22 92
22 23 96
22 24 100
22 25 104
22 26 108
22 27 112
22 28 116
22 29 120
22 30 124
22 31 128
22 32 132
22 33 136
22 34 140
22 35 144
22 36 148
22 37 152
22 38 156
22 39 160
22 40 164
22 41 168
22 42 172
22 43 176
22 44 180
22 45 184
22 46 188
22 47 192
22 48 196
22 49 200
22 50 204
22 51 208
22 52 212
22 53 216
22 54 220
22 55 224
22 56 228
22 57 232
22 58 236
22 59 240
22 60 244
22 61 248
22 62 252
22 63 256
23 0 4
23 1 8
23 2 12
23 3 16
23 4 20
23 5 24
23 6 28
23 7 32
23 8 36
23 9 40
23 10 44
23 11 48
23 12 52
23 13 56
23 14 60
23 15 64
23 16 68
23 17 72
23 18 76
23 19 80
23 20 84
23 21 88
23 22 92
23 23 96
23 24 100
23 25 104
23 26 108
23 27 112
23 28 116
23 29 120
23 30 124
23 31 128
23 32 132
23 33 136
23 34 140
23 35 144
23 36 148
23 37 152
23 38 156
23 39 160
23 40 164
23 41 168
23 42 172
23 43 176
23 44 180
23 45 184
23 46 188
23 47 192
23 48 196
23 49 200
23 50 204
23 51 208
23 52 212
23 53 216
23 54 220
23 55 224
23 56 228
23 57 232
23 58 236
23 59 240
23 60 244
23 61 248
23 62 252
23 63 256
24 0 8
24 1 16
24 2 24
24 3 32
24 4 40
24 5 48
24 6 56
24 7 64
24 8 72
24 9 80
24 10 88
24 11 96
24 12 104
24 13 112
24 14 120
24 15 128
24 16 136
24 17 144
24 18 152
24 19 160
24 20 168
24 21 176
24 22 184
24 23 192
24 24 200
24 25 208
24 26 216
24 27 224
24 28 232
24 29 240
24 30 248
24 31 256
24 32 264
24 33 272
24 34 280
24 35 288
24 36 296
24 37 304
24 38 312
24 39 320
24 40 328
24 41 336
24 42 344
24 43 352
24 44 360
24 45 368
24 46 376
24 47 384
24 48 392
24 49 400
24 50 408
24 51 416
24 52 424
24 53 432
24 54 440
24 55 448
24 56 456
24 57 464
24 58 472
24 59 480
24 60 488
24 61 496
24 62 504
24 63 512
25 0 3
25 1 6
25 2 9
25 3 12
25 4 15
25 5 18
25 6 21
25 7 24
25 8 27
25 9 30
25 10 33
25 11 36
25 12 39
25 13 42
25 14 45
25 15 48
25 16 51
25 17 54
25 18 57
25 19 60
25 20 63
25 21 66
25 22 69
25 23 72
25 24 75
25 25 78
25 26 81
25 27 84
25 28 87
25 29 90
25 30 93
25 31 96
25 32 99
25 33 102
25 34 105
25 35 108
25 36 111
25 37 114
25 38 117
25 39 120
25 40 123
25 41 126
25 42 129
25 43 132
25 44 135
25 45 138
25 46 141
25 47 144
25 48 147
25 49 150
25 50 153
25 51 156
25 52 159
25 53 162
25 54 165
25 55 168
25 56 171
25 57 174
25 58 177
25 59 180
25 60 183
25 61 186
25 62 189
25 63 192
26 0 3
26 1 6
26 2 9
26 3 12
26 4 15
26 5 18
26 6 21
26 7 24
26 8 27
26 9 30
26 10 33
26 11 36
26 12 39
26 13 42
26 14 45
26 15 48
26 16 51
26 17 54
26 18 57
26 19 60
26 20 63
26 21 66
26 22 69
26 23 72
26 24 75
26 25 78
26 26 81
26 27 84
26 28 87
26 29 90
26 30 93
26 31 96
26 32 99
26 33 102
26 34 105
26 35 108
26 36 111
26 37 114
26 38 117
26 39 120
26 40 123
26 41 126
26 42 129
26 43 132
26 44 135
26 45 138
26 46 141
26 47 144
26 48 147
26 49 150
26 50 153
26 51 156
26 52 159
26 53 162
26 54 165
26 55 168
26 56 171
26 57 174
26 58 177
26 59 180
26 60 183
26 61 186
26 62 189
26 63 192
27 0 3
27 1 6
27 2 9
27 3 12
27 4 15
27 5 18
27 6 21
27 7 24
27 8 27
27 9 30
27 10 33
27 11 36
27 12 39
27 13 42
27 14 45
27 15 48
27 16 51
27 17 54
27 18 57
27 19 60
27 20 63
27 21 66
27 22 69
27 23 72
27 24 75
27 25 78
27 26 81
27 27 84
27 28 87
27 29 90
27 30 93
27 31 96
27 32 99
27 33 102
27 34 105
27 35 108
27 36 111
27 37 114
27 38 117
27 39 120
27 40 123
27 41 126
27 42 129
27 43 132
27 44 135
27 45 138
27 46 141
27 47 144
27 48 147
27 49 150
27 50 153
27 51 156
27 52 159
27 53 162
27 54 165
27 55 168
27 56 171
27 57 174
27 58 177
27 59 180
27 60 183
27 61 186
27 62 189
27 63 192
28 0 7
28 1 14
28 2 21
28 3 28
28 4 35
28 5 42
28 6 49
28 7 56
28 8 63
28 9 70
28 10 77
28 11 84
28 12 91
28 13 98
28 14 105
28 15 112
28 16 119
28 17 126
28 18 133
28 19 140
28 20 147
28 21 154
28 22 161
28 23 168
28 24 175
28 25 182
28 26 189
28 27 196
28 28 203
28 29 210
28 30 217
28 31 224
28 32 231
28 33 238
28 34 245
28 35 252
28 36 259
28 37 266
28 38 273
28 39 280
28 40 287
28 41 294
28 42 301
28 43 308
28 44 315
28 45 322
28 46 329
28 47 336
28 48 343
28 49 350
28 50 357
28 51 364
28 52 371
28 53 378
28 54 385
28 55 392
28 56 399
28 57 406
28 58 413
28 59 420
28 60 427
28 61 434
28 62 441
28 63 448
29 0 7
29 1 14
29 2 21
29 3 28
29 4 35
29 5 42
29 6 49
29 7 56
29 8 63
29 9 70
29 10 77
29 11 84
29 12 91
29 13 98
29 14 105
29 15 112
29 16 119
29 17 126
29 18 133
29 19 140
29 20 147
29 21 154
29 22 161
29 23 168
29 24 175
29 25 182
29 26 189
29 27 196
29 28 203
29 29 210
29 30 217
29 31 224
29 32 231
29 33 238
29 34 245
29 35 252
29 36 259
29 37 266
29 38 273
29 39 280
29 40 287
29 41 294
29 42 301
29 43 308
29 44 315
29 45 322
29 46 329
29 47 336
29 48 343
29 49 350
29 50 357
29 51 364
29 52 371
29 53 378
29 54 385
29 55 392
29 56 399
29 57 406
29 58 413
29 59 420
29 60 427
29 61 434
29 62 441
29 63 448
30 0 2
30 1 4
30 2 6
30 3 8
30 4 10
30 5 12
30 6 14
30 7 16
30 8 18
30 9 20
30 10 22
30 11 24
30 12 26
30 13 28
30 14 30
30 15 32
30 16 34
30 17 36
30 18 38
30 19 40
30 20 42
30 21 44
30 22 46
30 23 48
30 24 50
30 25 52
30 26 54
30 27 56
30 28 58
30 29 60
30 30 62
30 31 64
30 32 66
30 33 68
30 34 70
30 35 72
30 36 74
30 37 76
30 38 78
30 39 80
30 40 82
30 41 84
30 42 86
30 43 88
30 44 90
30 45 92
30 46 94
30 47 96
30 48 98
30 49 100
30 50 102
30 51 104
30 52 106
30 53 108
30 54 110
30 55 112
30 56 114
30 57 116
30 58 118
30 59 120
30 60 122
30 61 124
30 62 126
30 63 128
31 0 2
31 1 4
31 2 6
31 3 8
31 4 10
31 5 12
31 6 14
31 7 16
31 8 18
31 9 20
31 10 22
31 11 24
31 12 26
31 13 28
31 14 30
31 15 32
31 16 34
31 17 36
31 18 38
31 19 40
31 20 42
31 21 44
31 22 46
31 23 48
31 24 50
31 25 52
31 26 54
31 27 56
31 28 58
31 29 60
31 30 62
31 31 64
31 32 66
31 33 68
31 34 70
31 35 72
31 36 74
31 37 76
31 38 78
31 39 80
31 40 82
31 41 84
31 42 86
31 43 88
31 44 90
31 45 92
31 46 94
31 47 96
31 48 98
31 49 100
31 50 102
31 51 104
31 52 106
31 53 108
31 54 110
31 55 112
31 56 114
31 57 116
31 58 118
31 59 120
31 60 122
31 61 124
31 62 126
31 63 128
32 0 6
32 1 12
32 2 18
32 3 24
32 4 30
32 5 36
32 6 42
32 7 48
32 8 54
32 9 60
32 10 66
32 11 72
32 12 78
32 13 84
32 14 90
32 15 96
32 16 102
32 17 108
32 18 114
32 19 120
32 20 126
32 21 132
32 22 138
32 23 144
32 24 150
32 25 156
32 26 162
32 27 168
32 28 174
32 29 180
32 30 186
32 31 192
32 32 198
32 33 204
32 34 210
32 35 216
32 36 222
32 37 228
32 38 234
32 39 240
32 40 246
32 41 252
32 42 258
32 43 264
32 44 270
32 45 276
32 46 282
32 47 288
32 48 294
32 49 300
32 50 306
32 51 312
32 52 318
32 53 324
32 54 330
32 55 336
32 56 342
32 57 348
32 58 354
32 59 360
32 60 366
32 61 372
32 62 378
32 63 384
33 0 6
33 1 12
33 2 18
33 3 24
33 4 30
33 5 36
33 6 42
33 7 48
33 8 54
33 9 60
33 10 66
33 11 72
33 12 78
33 13 84
33 14 90
33 15 96
33 16 102
33 17 108
33 18 114
33 19 120
33 20 126
33 21 132
33 22 138
33 23 144
33 24 150
33 25 156
33 26 162
33 27 168
33 28 174
33 29 180
33 30 186
33 31 192
33 32 198
33 33 204
33 34 210
33 35 216
33 36 222
33 37 228
33 38 234
33 39 240
33 40 246
33 41 252
33 42 258
33 43 264
33 44 270
33 45 276
33 46 282
33 47 288
33 48 294
33 49 300
33 50 306
33 51 312
33 52 318
33 53 324
33 54 330
33 55 336
33 56 342
33 57 348
33 58 354
33 59 360
33 60 366
33 61 372
33 62 378
33 63 384
34 0 6
34 1 12
34 2 18
34 3 24
34 4 30
34 5 36
34 6 42
34 7 48
34 8 54
34 9 60
34 10 66
34 11 72
34 12 78
34 13 84
34 14 90
34 15 96
34 16 102
34 17 108
34 18 114
34 19 120
34 20 126
34 21 132
34 22 138
34 23 144
34 24 150
34 25 156
34 26 162
34 27 168
34 28 174
34 29 180
34 30 186
34 31 192
34 32 198
34 33 204
34 34 210
34 35 216
34 36 222
34 37 228
34 38 234
34 39 240
34 40 246
34 41 252
34 42 258
34 43 264
34 44 270
34 45 276
34 46 282
34 47 288
34 48 294
34 49 300
34 50 306
34 51 312
34 52 318
34 53 324
34 54 330
34 55 336
34 56 342
34 57 348
34 58 354
34 59 360
34 60 366
34 61 372
34 62 378
34 63 384
35 0 1
35 1 2
35 2 3
35 3 4
35 4 5
35 5 6
35 6 7
35 7 8
35 8 9
35 9 10
35 10 11
35 11 12
35 12 13
35 13 14
35 14 15
35 15 16
35 16 17
35 17 18
35 18 19
35 19 20
35 20 21
35 21 22
35 22 23
35 23 24
35 24 25
35 25 26
35 26 27
35 27 28
35 28 29
35 29 30
35 30 31
35 31 32
35 32 33
35 33 34
35 34 35
35 35 36
35 36 37
35 37 38
35 38 39
35 39 40
35 40 41
35 41 42
35 42 43
35 43 44
35 44 45
35 45 46
35 46 47
35 47 48
35 48 49
35 49 50
35 50 51
35 51 52
35 52 53
35 53 54
35 54 55
35 55 56
35 56 57
35 57 58
35 58 59
35 59 60
35 60 61
35 61 62
35 62 63
35 63 64
36 0 5
36 1 10
36 2 15
36 3 20
36 4 25
36 5 30
36 6 35
36 7 40
36 8 45
36 9 50
36 10 55
36 11 60
36 12 65
36 13 70
36 14 75
36 15 80
36 16 85
36 17 90
36 18 95
36 19 100
36 20 105
36 21 110
36 22 115
36 23 120
36 24 125
36 25 130
36 26 135
36 27 140
36 28 145
36 29 150
36 30 155
36 31 160
36 32 165
36 33 170
36 34 175
36 35 180
36 36 185
36 37 190
36 38 195
36 39 200
36 40 205
36 41 210
36 42 215
36 43 220
36 44 225
36 45 230
36 46 235
36 47 240
36 48 245
36 49 250
36 50 255
36 51 260
36 52 265
36 53 270
36 54 275
36 55 280
36 56 285
36 57 290
36 58 295
36 59 300
36 60 305
36 61 310
36 62 315
36 63 320
37 0 5
37 1 10
37 2 15
37 3 20
37 4 25
37 5 30
37 6 35
37 7 40
37 8 45
37 9 50
37 10 55
37 11 60
37 12 65
37 13 70
37 14 75
37 15 80
37 16 85
37 17 90
37 18 95
37 19 100
37 20 105
37 21 110
37 22 115
37 23 120
37 24 125
37 25 130
37 26 135
37 27 140
37 28 145
37 29 150
37 30 155
37 31 160
37 32 165
37 33 170
37 34 175
37 35 180
37 36 185
37 37 190
37 38 195
37 39 200
37 40 205
37 41 210
37 42 215
37 43 220
37 44 225
37 45 230
37 46 235
37 47 240
37 48 245
37 49 250
37 50 255
37 51 260
37 52 265
37 53 270
37 54 275
37 55 280
37 56 285
37 57 290
37 58 295
37 59 300
37 60 305
37 61 310
37 62 315
37 63 320
38 0 5
38 1 10
38 2 15
38 3 20
38 4 25
38 5 30
38 6 35
38 7 40
38 8 45
38 9 50
38 10 55
38 11 60
38 12 65
38 13 70
38 14 75
38 15 80
38 16 85
38 17 90
38 18 95
38 19 100
38 20 105
38 21 110
38 22 115
38 23 120
38 24 125
38 25 130
38 26 135
38 27 140
38 28 145
38 29 150
38 30 155
38 31 160
38 32 165
38 33 170
38 34 175
38 35 180
38 36 185
38 37 190
38 38 195
38 39 200
38 40 205
38 41 210
38 42 215
38 43 220
38 44 225
38 45 230
38 46 235
38 47 240
38 48 245
38 49 250
38 50 255
38 51 260
38 52 265
38 53 270
38 54 275
38 55 280
38 56 285
38 57 290
38 58 295
38 59 300
38 60 305
38 61 310
38 62 315
38 63 320
39 0 5
39 1 10
39 2 15
39 3 20
39 4 25
39 5 30
39 6 35
39 7 40
39 8 45
39 9 50
39 10 55
39 11 60
39 12 65
39 13 70
39 14 75
39 15 80
39 16 85
39 17 90
39 18 95
39 19 100
39 20 105
39 21 110
39 22 115
39 23 120
39 24 125
39 25 130
39 26 135
39 27 140
39 28 145
39 29 150
39 30 155
39 31 160
39 32 165
39 33 170
39 34 175
39 35 180
39 36 185
39 37 190
39 38 195
39 39 200
39 40 205
39 41 210
39 42 215
39 43 220
39 44 225
39 45 230
39 46 235
39 47 240
39 48 245
39 49 250
39 50 255
39 51 260
39 52 265
39 53 270
39 54 275
39 55 280
39 56 285
39 57 290
39 58 295
39 59 300
39 60 305
39 61 310
39 62 315
39 63 320
40 0 4
40 1 8
40 2 12
40 3 16
40 4 20
40 5 24
40 6 28
40 7 32
40 8 36
40 9 40
40 10 44
40 11 48
40 12 52
40 13 56
40 14 60
40 15 64
40 16 68
40 17 72
40 18 76
40 19 80
40 20 84
40 21 88
40 22 92
40 23 96
40 24 100
40 25 104
40 26 108
40 27 112
40 28 116
40 29 120
40 30 124
40 31 128
40 32 132
40 33 136
40 34 140
40 35 144
40 36 148
40 37 152
40 38 156
40 39 160
40 40 164
40 41 168
40 42 172
40 43 176
40 44 180
40 45 184
40 46 188
40 47 192
40 48 196
40 49 200
40 50 204
40 51 208
40 52 212
40 53 216
40 54 220
40 55 224
40 56 228
40 57 232
40 58 236
40 59 240
40 60 244
40 61 248
40 62 252
40 63 256
41 0 4
41 1 8
41 2 12
41 3 16
41 4 20
41 5 24
41 6 28
41 7 32
41 8 36
41 9 40
41 10 44
41 11 48
41 12 52
41 13 56
41 14 60
41 15 64
41 16 68
41 17 72
41 18 76
41 19 80
41 20 84
41 21 88
41 22 92
41 23 96
41 24 100
41 25 104
41 26 108
41 27 112
41 28 116
41 29 120
41 30 124
41 31 128
41 32 132
41 33 136
41 34 140
41 35 144
41 36 148
41 37 152
41 38 156
41 39 160
41 40 164
41 41 168
41 42 172
41 43 176
41 44 180
41 45 184
41 46 188
41 47 192
41 48 196
41 49 200
41 50 204
41 51 208
41 52 212
41 53 216
41 54 220
41 55 224
41 56 228
41 57 232
41 58 236
41 59 240
41 60 244
41 61 248
41 62 252
41 63 256
42 0 4
42 1 8
42 2 12
42 3 16
42 4 20
42 5 24
42 6 28
42 7 32
42 8 36
42 9 40
42 10 44
42 11 48
42 12 52
42 13 56
42 14 60
42 15 64
42 16 68
42 17 72
42 18 76
42 19 80
42 20 84
42 21 88
42 22 92
42 23 96
42 24 100
42 25 104
42 26 108
42 27 112
42 28 116
42 29 120
42 30 124
42 31 128
42 32 132
42 33 136
42 34 140
42 35 144
42 36 148
42 37 152
42 38 156
42 39 160
42 40 164
42 41 168
42 42 172
42 43 176
42 44 180
42 45 184
42 46 188
42 47 192
42 48 196
42 49 200
42 50 204
42 51 208
42 52 212
42 53 216
42 54 220
42 55 224
42 56 228
42 57 232
42 58 236
42 59 240
42 60 244
42 61 248
42 62 252
42 63 256
43 0 4
43 1 8
43 2 12
43 3 16
43 4 20
43 5 24
43 6 28
43 7 32
43 8 36
43 9 40
43 10 44
43 11 48
43 12 52
43 13 56
43 14 60
43 15 64
43 16 68
43 17 72
43 18 76
43 19 80
43 20 84
43 21 88
43 22 92
43 23 96
43 24 100
43 25 104
43 26 108
43 27 112
43 28 116
43 29 120
43 30 124
43 31 128
43 32 132
43 33 136
43 34 140
43 35 144
43 36 148
43 37 152
43 38 156
43 39 160
43 40 164
43 41 168
43 42 172
43 43 176
43 44 180
43 45 184
43 46 188
43 47 192
43 48 196
43 49 200
43 50 204
43 51 208
43 52 212
43 53 216
43 54 220
43 55 224
43 56 228
43 57 232
43 58 236
43 59 240
43 60 244
43 61 248
43 62 252
43 63 256
44 0 8
44 1 16
44 2 24
44 3 32
44 4 40
44 5 48
44 6 56
44 7 64
44 8 72
44 9 80
44 10 88
44 11 96
44 12 104
44 13 112
44 14 120
44 15 128
44 16 136
44 17 144
44 18 152
44 19 160
44 20 168
44 21 176
44 22 184
44 23 192
44 24 200
44 25 208
44 26 216
44 27 224
44 28 232
44 29 240
44 30 248
44 31 256
44 32 264
44 33 272
44 34 280
44 35 288
44 36 296
44 37 304
44 38 312
44 39 320
44 40 328
44 41 336
44 42 344
44 43 352
44 44 360
44 45 368
44 46 376
44 47 384
44 48 392
44 49 400
44 50 408
44 51 416
44 52 424
44 53 432
44 54 440
44 55 448
44 56 456
44 57 464
44 58 472
44 59 480
44 60 488
44 61 496
44 62 504
44 63 512
45 0 3
45 1 6
45 2 9
45 3 12
45 4 15
45 5 18
45 6 21
45 7 24
45 8 27
45 9 30
45 10 33
45 11 36
45 12 39
45 13 42
45 14 45
45 15 48
45 16 51
45 17 54
45 18 57
45 19 60
45 20 63
45 21 66
45 22 69
45 23 72
45 24 75
45 25 78
45 26 81
45 27 84
45 28 87
45 29 90
45 30 93
45 31 96
45 32 99
45 33 102
45 34 105
45 35 108
45 36 111
45 37 114
45 38 117
45 39 120
45 40 123
45 41 126
45 42 129
45 43 132
45 44 135
45 45 138
45 46 141
45 47 144
45 48 147
45 49 150
45 50 153
45 51 156
45 52 159
45 53 162
45 54 165
45 55 168
45 56 171
45 57 174
45 58 177
45 59 180
45 60 183
45 61 186
45 62 189
45 63 192
46 0 3
46 1 6
46 2 9
46 3 12
46 4 15
46 5 18
46 6 21
46 7 24
46 8 27
46 9 30
46 10 33
46 11 36
46 12 39
46 13 42
46 14 45
46 15 48
46 16 51
46 17 54
46 18 57
46 19 60
46 20 63
46 21 66
46 22 69
46 23 72
46 24 75
46 25 78
46 26 81
46 27 84
46 28 87
46 29 90
46 30 93
46 31 96
46 32 99
46 33 102
46 34 105
46 35 108
46 36 111
46 37 114
46 38 117
46 39 120
46 40 123
46 41 126
46 42 129
46 43 132
46 44 135
46 45 138
46 46 141
46 47 144
46 48 147
46 49 150
46 50 153
46 51 156
46 52 159
46 53 162
46 54 165
46 55 168
46 56 171
46 57 174
46 58 177
46 59 180
46 60 183
46 61 186
46 62 189
46 63 192
47 0 3
47 1 6
47 2 9
47 3 12
47 4 15
47 5 18
47 6 21
47 7 24
47 8 27
47 9 30
47 10 33
47 11 36
47 12 39
47 13 42
47 14 45
47 15 48
47 16 51
47 17 54
47 18 57
47 19 60
47 20 63
47 21 66
47 22 69
47 23 72
47 24 75
47 25 78
47 26 81
47 27 84
47 28 87
47 29 90
47 30 93
47 31 96
47 32 99
47 33 102
47 34 105
47 35 108
47 36 111
47 37 114
47 38 117
47 39 120
47 40 123
47 41 126
47 42 129
47 43 132
47 44 135
47 45 138
47 46 141
47 47 144
47 48 147
47 49 150
47 50 153
47 51 156
47 52 159
47 53 162
47 54 165
47 55 168
47 56 171
47 57 174
47 58 177
47 59 180
47 60 183
47 61 186
47 62 189
47 63 192
48 0 7
48 1 14
48 2 21
48 3 28
48 4 35
48 5 42
48 6 49
48 7 56
48 8 63
48 9 70
48 10 77
48 11 84
48 12 91
48 13 98
48 14 105
48 15 112
48 16 119
48 17 126
48 18 133
48 19 140
48 20 147
48 21 154
48 22 161
48 23 168
48 24 175
48 25 182
48 26 189
48 27 196
48 28 203
48 29 210
48 30 217
48 31 224
48 32 231
48 33 238
48 34 245
48 35 252
48 36 259
48 37 266
48 38 273
48 39 280
48 40 287
48 41 294
48 42 301
48 43 308
48 44 315
48 45 322
48 46 329
48 47 336
48 48 343
48 49 350
48 50 357
48 51 364
48 52 371
48 53 378
48 54 385
48 55 392
48 56 399
48 57 406
48 58 413
48 59 420
48 60 427
48 61 434
48 62 441
48 63 448
49 0 7
49 1 14
49 2 21
49 3 28
49 4 35
49 5 42
49 6 49
49 7 56
49 8 63
49 9 70
49 10 77
49 11 84
49 12 91
49 13 98
49 14 105
49 15 112
49 16 119
49 17 126
49 18 133
49 19 140
49 20 147
49 21 154
49 22 161
49 23 168
49 24 175
49 25 182
49 26 189
49 27 196
49 28 203
49 29 210
49 30 217
49 31 224
49 32 231
49 33 238
49 34 245
49 35 252
49 36 259
49 37 266
49 38 273
49 39 280
49 40 287
49 41 294
49 42 301
49 43 308
49 44 315
49 45 322
49 46 329
49 47 336
49 48 343
49 49 350
49 50 357
49 51 364
49 52 371
49 53 378
49 54 385
49 55 392
49 56 399
49 57 406
49 58 413
49 59 420
49 60 427
49 61 434
49 62 441
49 63 448
50 0 2
50 1 4
50 2 6
50 3 8
50 4 10
50 5 12
50 6 14
50 7 16
50 8 18
50 9 20
50 10 22
50 11 24
50 12 26
50 13 28
50 14 30
50 15 32
50 16 34
50 17 36
50 18 38
50 19 40
50 20 42
50 21 44
50 22 46
50 23 48
50 24 50
50 25 52
50 26 54
50 27 56
50 28 58
50 29 60
50 30 62
50 31 64
50 32 66
50 33 68
50 34 70
50 35 72
50 36 74
50 37 76
50 38 78
50 39 80
50 40 82
50 41 84
50 42 86
50 43 88
50 44 90
50 45 92
50 46 94
50 47 96
50 48 98
50 49 100
50 50 102
50 51 104
50 52 106
50 53 108
50 54 110
50 55 112
50 56 114
50 57 116
50 58 118
50 59 120
50 60 122
50 61 124
50 62 126
50 63 128
51 0 2
51 1 4
51 2 6
51 3 8
51 4 10
51 5 12
51 6 14
51 7 16
51 8 18
51 9 20
51 10 22
51 11 24
51 12 26
51 13 28
51 14 30
51 15 32
51 16 34
51 17 36
51 18 38
51 19 40
51 20 42
51 21 44
51 22 46
51 23 48
51 24 50
51 25 52
51 26 54
51 27 56
51 28 58
51 29 60
51 30 62
51 31 64
51 32 66
51 33 68
51 34 70
51 35 72
51 36 74
51 37 76
51 38 78
51 39 80
51 40 82
51 41 84
51 42 86
51 43 88
51 44 90
51 45 92
51 46 94
51 47 96
51 48 98
51 49 100
51 50 102
51 51 104
51 52 106
51 53 108
51 54 110
51 55 112
51 56 114
51 57 116
51 58 118
51 59 120
51 60 122
51 61 124
51 62 126
51 63 128
52 0 6
52 1 12
52 2 18
52 3 24
52 4 30
52 5 36
52 6 42
52 7 48
52 8 54
52 9 60
52 10 66
52 11 72
52 12 78
52 13 84
52 14 90
52 15 96
52 16 102
52 17 108
52 18 114
52 19 120
52 20 126
52 21 132
52 22 138
52 23 144
52 24 150
52 25 156
52 26 162
52 27 168
52 28 174
52 29 180
52 30 186
52 31 192
52 32 198
52 33 204
52 34 210
52 35 216
52 36 222
52 37 228
52 38 234
52 39 240
52 40 246
52 41 252
52 42 258
52 43 264
52 44 270
52 45 276
52 46 282
52 47 288
52 48 294
52 49 300
52 50 306
52 51 312
52 52 318
52 53 324
52 54 330
52 55 336
52 56 342
52 57 348
52 58 354
52 59 360
52 60 366
52 61 372
52 62 378
52 63 384
53 0 6
53 1 12
53 2 18
53 3 24
53 4 30
53 5 36
53 6 42
53 7 48
53 8 54
53 9 60
53 10 66
53 11 72
53 12 78
53 13 84
53 14 90
53 15 96
53 16 102
53 17 108
53 18 114
53 19 120
53 20 126
53 21 132
53 22 138
53 23 144
53 24 150
53 25 156
53 26 162
53 27 168
53 28 174
53 29 180
53 30 186
53 31 192
53 32 198
53 33 204
53 34 210
53 35 216
53 36 222
53 37 228
53 38 234
53 39 240
53 40 246
53 41 252
53 42 258
53 43 264
53 44 270
53 45 276
53 46 282
53 47 288
53 48 294
53 49 300
53 50 306
53 51 312
53 52 318
53 53 324
53 54 330
53 55 336
53 56 342
53 57 348
53 58 354
53 59 360
53 60 366
53 61 372
53 62 378
53 63 384
54 0 6
54 1 12
54 2 18
54 3 24
54 4 30
54 5 36
54 6 42
54 7 48
54 8 54
54 9 60
54 10 66
54 11 72
54 12 78
54 13 84
54 14 90
54 15 96
54 16 102
54 17 108
54 18 114
54 19 120
54 20 126
54 21 132
54 22 138
54 23 144
54 24 150
54 25 156
54 26 162
54 27 168
54 28 174
54 29 180
54 30 186
54 31 192
54 32 198
54 33 204
54 34 210
54 35 216
54 36 222
54 37 228
54 38 234
54 39 240
54 40 246
54 41 252
54 42 258
54 43 264
54 44 270
54 45 276
54 46 282
54 47 288
54 48 294
54 49 300
54 50 306
54 51 312
54 52 318
54 53 324
54 54 330
54 55 336
54 56 342
54 57 348
54 58 354
54 59 360
54 60 366
54 61 372
54 62 378
54 63 384
55 0 1
55 1 2
55 2 3
55 3 4
55 4 5
55 5 6
55 6 7
55 7 8
55 8 9
55 9 10
55 10 11
55 11 12
55 12 13
55 13 14
55 14 15
55 15 16
55 16 17
55 17 18
55 18 19
55 19 20
55 20 21
55 21 22
55 22 23
55 23 24
55 24 25
55 25 26
55 26 27
55 27 28
55 28 29
55 29 30
55 30 31
55 31 32
55 32 33
55 33 34
55 34 35
55 35 36
55 36 37
55 37 38
55 38 39
55 39 40
55 40 41
55 41 42
55 42 43
55 43 44
55 44 45
55 45 46
55 46 47
55 47 48
55 48 49
55 49 50
55 50 51
55 51 52
55 52 53
55 53 54
55 54 55
55 55 56
55 56 57
55 57 58
55 58 59
55 59 60
55 60 61
55 61 62
55 62 63
55 63 64
56 0 5
56 1 10
56 2 15
56 3 20
56 4 25
56 5 30
56 6 35
56 7 40
56 8 45
56 9 50
56 10 55
56 11 60
56 12 65
56 13 70
56 14 75
56 15 80
56 16 85
56 17 90
56 18 95
56 19 100
56 20 105
56 21 110
56 22 115
56 23 120
56 24 125
56 25 130
56 26 135
56 27 140
56 28 145
56 29 150
56 30 155
56 31 160
56 32 165
56 33 170
56 34 175
56 35 180
56 36 185
56 37 190
56 38 195
56 39 200
56 40 205
56 41 210
56 42 215
56 43 220
56 44 225
56 45 230
56 46 235
56 47 240
56 48 245
56 49 250
56 50 255
56 51 260
56 52 265
56 53 270
56 54 275
56 55 280
56 56 285
56 57 290
56 58 295
56 59 300
56 60 305
56 61 310
56 62 315
56 63 320
57 0 5
57 1 10
57 2 15
57 3 20
57 4 25
57 5 30
57 6 35
57 7 40
57 8 45
57 9 50
57 10 55
57 11 60
57 12 65
57 13 70
57 14 75
57 15 80
57 16 85
57 17 90
57 18 95
57 19 100
57 20 105
57 21 110
57 22 115
57 23 120
57 24 125
57 25 130
57 26 135
57 27 140
57 28 145
57 29 150
57 30 155
57 31 160
57 32 165
57 33 170
57 34 175
57 35 180
57 36 185
57 37 190
57 38 195
57 39 200
57 40 205
57 41 210
57 42 215
57 43 220
57 44 225
57 45 230
57 46 235
57 47 240
57 48 245
57 49 250
57 50 255
57 51 260
57 52 265
57 53 270
57 54 275
57 55 280
57 56 285
57 57 290
57 58 295
57 59 300
57 60 305
57 61 310
57 62 315
57 63 320
58 0 5
58 1 10
58 2 15
58 3 20
58 4 25
58 5 30
58 6 35
58 7 40
58 8 45
58 9 50
58 10 55
58 11 60
58 12 65
58 13 70
58 14 75
58 15 80
58 16 85
58 17 90
58 18 95
58 19 100
58 20 105
58 21 110
58 22 115
58 23 120
58 24 125
58 25 130
58 26 135
58 27 140
58 28 145
58 29 150
58 30 155
58 31 160
58 32 165
58 33 170
58 34 175
58 35 180
58 36 185
58 37 190
58 38 195
58 39 200
58 40 205
58 41 210
58 42 215
58 43 220
58 44 225
58 45 230
58 46 235
58 47 240
58 48 245
58 49 250
58 50 255
58 51 260
58 52 265
58 53 270
58 54 275
58 55 280
58 56 285
58 57 290
58 58 295
58 59 300
58 60 305
58 61 310
58 62 315
58 63 320
59 0 5
59 1 10
59 2 15
59 3 20
59 4 25
59 5 30
59 6 35
59 7 40
59 8 45
59 9 50
59 10 55
59 11 60
59 12 65
59 13 70
59 14 75
59 15 80
59 16 85
59 17 90
59 18 95
59 19 100
59 20 105
59 21 110
59 22 115
59 23 120
59 24 125
59 25 130
59 26 135
59 27 140
59 28 145
59 29 150
59 30 155
59 31 160
59 32 165
59 33 170
59 34 175
59 35 180
59 36 185
59 37 190
59 38 195
59 39 200
59 40 205
59 41 210
59 42 215
59 43 220
59 44 225
59 45 230
59 46 235
59 47 240
59 48 245
59 49 250
59 50 255
59 51 260
59 52 265
59 53 270
59 54 275
59 55 280
59 56 285
59 57 290
59 58 295
59 59 300
59 60 305
59 61 310
59 62 315
59 63 320
60 0 4
60 1 8
60 2 12
60 3 16
60 4 20
60 5 24
60 6 28
60 7 32
60 8 36
60 9 40
60 10 44
60 11 48
60 12 52
60 13 56
60 14 60
60 15 64
60 16 68
60 17 72
60 18 76
60 19 80
60 20 84
60 21 88
60 22 92
60 23 96
60 24 100
60 25 104
60 26 108
60 27 112
60 28 116
60 29 120
60 30 124
60 31 128
60 32 132
60 33 136
60 34 140
60 35 144
60 36 148
60 37 152
60 38 156
60 39 160
60 40 164
60 41 168
60 42 172
60 43 176
60 44 180
60 45 184
60 46 188
60 47 192
60 48 196
60 49 200
60 50 204
60 51 208
60 52 212
60 53 216
60 54 220
60 55 224
60 56 228
60 57 232
60 58 236
60 59 240
60 60 244
60 61 248
60 62 252
60 63 256
61 0 4
61 1 8
61 2 12
61 3 16
61 4 20
61 5 24
61 6 28
61 7 32
61 8 36
61 9 40
61 10 44
61 11 48
61 12 52
61 13 56
61 14 60
61 15 64
61 16 68
61 17 72
61 18 76
61 19 80
61 20 84
61 21 88
61 22 92
61 23 96
61 24 100
61 25 104
61 26 108
61 27 112
61 28 116
61 29 120
61 30 124
61 31 128
61 32 132
61 33 136
61 34 140
61 35 144
61 36 148
61 37 152
61 38 156
61 39 160
61 40 164
61 41 168
61 42 172
61 43 176
61 44 180
61 45 184
61 46 188
61 47 192
61 48 196
61 49 200
61 50 204
61 51 208
61 52 212
61 53 216
61 54 220
61 55 224
61 56 228
61 57 232
61 58 236
61 59 240
61 60 244
61 61 248
61 62 252
61 63 256
62 0 4
62 1 8
62 2 12
62 3 16
62 4 20
62 5 24
62 6 28
62 7 32
62 8 36
62 9 40
62 10 44
62 11 48
62 12 52
62 13 56
62 14 60
62 15 64
62 16 68
62 17 72
62 18 76
62 19 80
62 20 84
62 21 88
62 22 92
62 23 96
62 24 100
62 25 104
62 26 108
62 27 112
62 28 116
62 29 120
62 30 124
62 31 128
62 32 132
62 33 136
62 34 140
62 35 144
62 36 148
62 37 152
62 38 156
62 39 160
62 40 164
62 41 168
62 42 172
62 43 176
62 44 180
62 45 184
62 46 188
62 47 192
62 48 196
62 49 200
62 50 204
62 51 208
62 52 212
62 53 216
62 54 220
62 55 224
62 56 228
62 57 232
62 58 236
62 59 240
62 60 244
62 61 248
62 62 252
62 63 256
63 0 4
63 1 8
63 2 12
63 3 16
63 4 20
63 5 24
63 6 28
63 7 32
63 8 36
63 9 40
63 10 44
63 11 48
63 12 52
63 13 56
63 14 60
63 15 64
63 16 68
63 17 72
63 18 76
63 19 80
63 20 84
63 21 88
63 22 92
63 23 96
63 24 100
63 25 104
63 26 108
63 27 112
63 28 116
63 29 120
63 30 124
63 31 128
63 32 132
63 33 136
63 34 140
63 35 144
63 36 148
63 37 152
63 38 156
63 39 160
63 40 164
63 41 168
63 42 172
63 43 176
63 44 180
63 45 184
63 46 188
63 47 192
63 48 196
63 49 200
63 50 204
63 51 208
63 52 212
63 53 216
63 54 220
63 55 224
63 56 228
63 57 232
63 58 236
63 59 240
63 60 244
63 61 248
63 62 252
63 63 256
