5000 5000 3600
51 25 234780
51 102 69918
51 279 -54438
51 287 -195564
51 367 65532
51 408 -208980
51 644 102942
51 728 150930
51 731 124356
51 790 -239424
51 821 61146
51 1058 159444
51 1099 60630
51 1258 -10836
51 1285 774
51 1355 6966
51 1429 -197370
51 1433 43602
51 1596 255162
51 1722 -192726
51 1765 -65790
51 1867 18576
51 1939 -213366
51 1965 -150930
51 2089 -114552
51 2273 184728
51 2287 -71208
51 2321 86688
51 2326 49794
51 2341 202272
51 2352 90558
51 2367 119712
51 2573 166668
51 2690 -81012
51 2721 14448
51 2796 59082
51 2954 83850
51 3002 -183180
51 3078 -116616
51 3273 -36894
51 3310 -68370
51 3321 171570
51 3461 98298
51 3556 74304
51 3707 111972
51 3758 78690
51 3790 13158
51 3808 -24768
51 3858 -204078
51 3863 -248196
51 3961 127194
51 4083 -55470
51 4117 43602
51 4183 102684
51 4436 222396
51 4540 172344
51 4736 -205110
51 4882 -215946
51 4910 237360
51 4984 109134
268 25 -683410
268 102 -203521
268 279 158461
268 287 569258
268 367 -190754
268 408 608310
268 644 -299649
268 728 -439335
268 731 -361982
268 790 696928
268 821 -177987
268 1058 -464118
268 1099 -176485
268 1258 31542
268 1285 -2253
268 1355 -20277
268 1429 574515
268 1433 -126919
268 1596 -742739
268 1722 560997
268 1765 191505
268 1867 -54072
268 1939 621077
268 1965 439335
268 2089 333444
268 2273 -537716
268 2287 207276
268 2321 -252336
268 2326 -144943
268 2341 -588784
268 2352 -263601
268 2367 -348464
268 2573 -485146
268 2690 235814
268 2721 -42056
268 2796 -171979
268 2954 -244075
268 3002 533210
268 3078 339452
268 3273 107393
268 3310 199015
268 3321 -499415
268 3461 -286131
268 3556 -216288
268 3707 -325934
268 3758 -229055
268 3790 -38301
268 3808 72096
268 3858 594041
268 3863 722462
268 3961 -370243
268 4083 161465
268 4117 -126919
268 4183 -298898
268 4436 -647362
268 4540 -501668
268 4736 597045
268 4882 628587
268 4910 -690920
268 4984 -317673
290 25 -33670
290 102 -10027
290 279 7807
290 287 28046
290 367 -9398
290 408 29970
290 644 -14763
290 728 -21645
290 731 -17834
290 790 34336
290 821 -8769
290 1058 -22866
290 1099 -8695
290 1258 1554
290 1285 -111
290 1355 -999
290 1429 28305
290 1433 -6253
290 1596 -36593
290 1722 27639
290 1765 9435
290 1867 -2664
290 1939 30599
290 1965 21645
290 2089 16428
290 2273 -26492
290 2287 10212
290 2321 -12432
290 2326 -7141
290 2341 -29008
290 2352 -12987
290 2367 -17168
290 2573 -23902
290 2690 11618
290 2721 -2072
290 2796 -8473
290 2954 -12025
290 3002 26270
290 3078 16724
290 3273 5291
290 3310 9805
290 3321 -24605
290 3461 -14097
290 3556 -10656
290 3707 -16058
290 3758 -11285
290 3790 -1887
290 3808 3552
290 3858 29267
290 3863 35594
290 3961 -18241
290 4083 7955
290 4117 -6253
290 4183 -14726
290 4436 -31894
290 4540 -24716
290 4736 29415
290 4882 30969
290 4910 -34040
290 4984 -15651
298 25 46410
298 102 13821
298 279 -10761
298 287 -38658
298 367 12954
298 408 -41310
298 644 20349
298 728 29835
298 731 24582
298 790 -47328
298 821 12087
298 1058 31518
298 1099 11985
298 1258 -2142
298 1285 153
298 1355 1377
298 1429 -39015
298 1433 8619
298 1596 50439
298 1722 -38097
298 1765 -13005
298 1867 3672
298 1939 -42177
298 1965 -29835
298 2089 -22644
298 2273 36516
298 2287 -14076
298 2321 17136
298 2326 9843
298 2341 39984
298 2352 17901
298 2367 23664
298 2573 32946
298 2690 -16014
298 2721 2856
298 2796 11679
298 2954 16575
298 3002 -36210
298 3078 -23052
298 3273 -7293
298 3310 -13515
298 3321 33915
298 3461 19431
298 3556 14688
298 3707 22134
298 3758 15555
298 3790 2601
298 3808 -4896
298 3858 -40341
298 3863 -49062
298 3961 25143
298 4083 -10965
298 4117 8619
298 4183 20298
298 4436 43962
298 4540 34068
298 4736 -40545
298 4882 -42687
298 4910 46920
298 4984 21573
497 25 -854490
497 102 -254469
497 279 198129
497 287 711762
497 367 -238506
497 408 760590
497 644 -374661
497 728 -549315
497 731 -452598
497 790 871392
497 821 -222543
497 1058 -580302
497 1099 -220665
497 1258 39438
497 1285 -2817
497 1355 -25353
497 1429 718335
497 1433 -158691
497 1596 -928671
497 1722 701433
497 1765 239445
497 1867 -67608
497 1939 776553
497 1965 549315
497 2089 416916
497 2273 -672324
497 2287 259164
497 2321 -315504
497 2326 -181227
497 2341 -736176
497 2352 -329589
497 2367 -435696
497 2573 -606594
497 2690 294846
497 2721 -52584
497 2796 -215031
497 2954 -305175
497 3002 666690
497 3078 424428
497 3273 134277
497 3310 248835
497 3321 -624435
497 3461 -357759
497 3556 -270432
497 3707 -407526
497 3758 -286395
497 3790 -47889
497 3808 90144
497 3858 742749
497 3863 903318
497 3961 -462927
497 4083 201885
497 4117 -158691
497 4183 -373722
497 4436 -809418
497 4540 -627252
497 4736 746505
497 4882 785943
497 4910 -863880
497 4984 -397197
498 25 239330
498 102 71273
498 279 -55493
498 287 -199354
498 367 66802
498 408 -213030
498 644 104937
498 728 153855
498 731 126766
498 790 -244064
498 821 62331
498 1058 162534
498 1099 61805
498 1258 -11046
498 1285 789
498 1355 7101
498 1429 -201195
498 1433 44447
498 1596 260107
498 1722 -196461
498 1765 -67065
498 1867 18936
498 1939 -217501
498 1965 -153855
498 2089 -116772
498 2273 188308
498 2287 -72588
498 2321 88368
498 2326 50759
498 2341 206192
498 2352 92313
498 2367 122032
498 2573 169898
498 2690 -82582
498 2721 14728
498 2796 60227
498 2954 85475
498 3002 -186730
498 3078 -118876
498 3273 -37609
498 3310 -69695
498 3321 174895
498 3461 100203
498 3556 75744
498 3707 114142
498 3758 80215
498 3790 13413
498 3808 -25248
498 3858 -208033
498 3863 -253006
498 3961 129659
498 4083 -56545
498 4117 44447
498 4183 104674
498 4436 226706
498 4540 175684
498 4736 -209085
498 4882 -220131
498 4910 241960
498 4984 111249
548 25 525980
548 102 156638
548 279 -121958
548 287 -438124
548 367 146812
548 408 -468180
548 644 230622
548 728 338130
548 731 278596
548 790 -536384
548 821 136986
548 1058 357204
548 1099 135830
548 1258 -24276
548 1285 1734
548 1355 15606
548 1429 -442170
548 1433 97682
548 1596 571642
548 1722 -431766
548 1765 -147390
548 1867 41616
548 1939 -478006
548 1965 -338130
548 2089 -256632
548 2273 413848
548 2287 -159528
548 2321 194208
548 2326 111554
548 2341 453152
548 2352 202878
548 2367 268192
548 2573 373388
548 2690 -181492
548 2721 32368
548 2796 132362
548 2954 187850
548 3002 -410380
548 3078 -261256
548 3273 -82654
548 3310 -153170
548 3321 384370
548 3461 220218
548 3556 166464
548 3707 250852
548 3758 176290
548 3790 29478
548 3808 -55488
548 3858 -457198
548 3863 -556036
548 3961 284954
548 4083 -124270
548 4117 97682
548 4183 230044
548 4436 498236
548 4540 386104
548 4736 -459510
548 4882 -483786
548 4910 531760
548 4984 244494
639 25 -283920
639 102 -84552
639 279 65832
639 287 236496
639 367 -79248
639 408 252720
639 644 -124488
639 728 -182520
639 731 -150384
639 790 289536
639 821 -73944
639 1058 -192816
639 1099 -73320
639 1258 13104
639 1285 -936
639 1355 -8424
639 1429 238680
639 1433 -52728
639 1596 -308568
639 1722 233064
639 1765 79560
639 1867 -22464
639 1939 258024
639 1965 182520
639 2089 138528
639 2273 -223392
639 2287 86112
639 2321 -104832
639 2326 -60216
639 2341 -244608
639 2352 -109512
639 2367 -144768
639 2573 -201552
639 2690 97968
639 2721 -17472
639 2796 -71448
639 2954 -101400
639 3002 221520
639 3078 141024
639 3273 44616
639 3310 82680
639 3321 -207480
639 3461 -118872
639 3556 -89856
639 3707 -135408
639 3758 -95160
639 3790 -15912
639 3808 29952
639 3858 246792
639 3863 300144
639 3961 -153816
639 4083 67080
639 4117 -52728
639 4183 -124176
639 4436 -268944
639 4540 -208416
639 4736 248040
639 4882 261144
639 4910 -287040
639 4984 -131976
758 25 -477750
758 102 -142275
758 279 110775
758 287 397950
758 367 -133350
758 408 425250
758 644 -209475
758 728 -307125
758 731 -253050
758 790 487200
758 821 -124425
758 1058 -324450
758 1099 -123375
758 1258 22050
758 1285 -1575
758 1355 -14175
758 1429 401625
758 1433 -88725
758 1596 -519225
758 1722 392175
758 1765 133875
758 1867 -37800
758 1939 434175
758 1965 307125
758 2089 233100
758 2273 -375900
758 2287 144900
758 2321 -176400
758 2326 -101325
758 2341 -411600
758 2352 -184275
758 2367 -243600
758 2573 -339150
758 2690 164850
758 2721 -29400
758 2796 -120225
758 2954 -170625
758 3002 372750
758 3078 237300
758 3273 75075
758 3310 139125
758 3321 -349125
758 3461 -200025
758 3556 -151200
758 3707 -227850
758 3758 -160125
758 3790 -26775
758 3808 50400
758 3858 415275
758 3863 505050
758 3961 -258825
758 4083 112875
758 4117 -88725
758 4183 -208950
758 4436 -452550
758 4540 -350700
758 4736 417375
758 4882 439425
758 4910 -483000
758 4984 -222075
786 25 -246610
786 102 -73441
786 279 57181
786 287 205418
786 367 -68834
786 408 219510
786 644 -108129
786 728 -158535
786 731 -130622
786 790 251488
786 821 -64227
786 1058 -167478
786 1099 -63685
786 1258 11382
786 1285 -813
786 1355 -7317
786 1429 207315
786 1433 -45799
786 1596 -268019
786 1722 202437
786 1765 69105
786 1867 -19512
786 1939 224117
786 1965 158535
786 2089 120324
786 2273 -194036
786 2287 74796
786 2321 -91056
786 2326 -52303
786 2341 -212464
786 2352 -95121
786 2367 -125744
786 2573 -175066
786 2690 85094
786 2721 -15176
786 2796 -62059
786 2954 -88075
786 3002 192410
786 3078 122492
786 3273 38753
786 3310 71815
786 3321 -180215
786 3461 -103251
786 3556 -78048
786 3707 -117614
786 3758 -82655
786 3790 -13821
786 3808 26016
786 3858 214361
786 3863 260702
786 3961 -133603
786 4083 58265
786 4117 -45799
786 4183 -107858
786 4436 -233602
786 4540 -181028
786 4736 215445
786 4882 226827
786 4910 -249320
786 4984 -114633
868 25 -830830
868 102 -247423
868 279 192643
868 287 692054
868 367 -231902
868 408 739530
868 644 -364287
868 728 -534105
868 731 -440066
868 790 847264
868 821 -216381
868 1058 -564234
868 1099 -214555
868 1258 38346
868 1285 -2739
868 1355 -24651
868 1429 698445
868 1433 -154297
868 1596 -902957
868 1722 682011
868 1765 232815
868 1867 -65736
868 1939 755051
868 1965 534105
868 2089 405372
868 2273 -653708
868 2287 251988
868 2321 -306768
868 2326 -176209
868 2341 -715792
868 2352 -320463
868 2367 -423632
868 2573 -589798
868 2690 286682
868 2721 -51128
868 2796 -209077
868 2954 -296725
868 3002 648230
868 3078 412676
868 3273 130559
868 3310 241945
868 3321 -607145
868 3461 -347853
868 3556 -262944
868 3707 -396242
868 3758 -278465
868 3790 -46563
868 3808 87648
868 3858 722183
868 3863 878306
868 3961 -450109
868 4083 196295
868 4117 -154297
868 4183 -363374
868 4436 -787006
868 4540 -609884
868 4736 725835
868 4882 764181
868 4910 -839960
868 4984 -386199
953 25 352170
953 102 104877
953 279 -81657
953 287 -293346
953 367 98298
953 408 -313470
953 644 154413
953 728 226395
953 731 186534
953 790 -359136
953 821 91719
953 1058 239166
953 1099 90945
953 1258 -16254
953 1285 1161
953 1355 10449
953 1429 -296055
953 1433 65403
953 1596 382743
953 1722 -289089
953 1765 -98685
953 1867 27864
953 1939 -320049
953 1965 -226395
953 2089 -171828
953 2273 277092
953 2287 -106812
953 2321 130032
953 2326 74691
953 2341 303408
953 2352 135837
953 2367 179568
953 2573 250002
953 2690 -121518
953 2721 21672
953 2796 88623
953 2954 125775
953 3002 -274770
953 3078 -174924
953 3273 -55341
953 3310 -102555
953 3321 257355
953 3461 147447
953 3556 111456
953 3707 167958
953 3758 118035
953 3790 19737
953 3808 -37152
953 3858 -306117
953 3863 -372294
953 3961 190791
953 4083 -83205
953 4117 65403
953 4183 154026
953 4436 333594
953 4540 258516
953 4736 -307665
953 4882 -323919
953 4910 356040
953 4984 163701
956 25 506870
956 102 150947
956 279 -117527
956 287 -422206
956 367 141478
956 408 -451170
956 644 222243
956 728 325845
956 731 268474
956 790 -516896
956 821 132009
956 1058 344226
956 1099 130895
956 1258 -23394
956 1285 1671
956 1355 15039
956 1429 -426105
956 1433 94133
956 1596 550873
956 1722 -416079
956 1765 -142035
956 1867 40104
956 1939 -460639
956 1965 -325845
956 2089 -247308
956 2273 398812
956 2287 -153732
956 2321 187152
956 2326 107501
956 2341 436688
956 2352 195507
956 2367 258448
956 2573 359822
956 2690 -174898
956 2721 31192
956 2796 127553
956 2954 181025
956 3002 -395470
956 3078 -251764
956 3273 -79651
956 3310 -147605
956 3321 370405
956 3461 212217
956 3556 160416
956 3707 241738
956 3758 169885
956 3790 28407
956 3808 -53472
956 3858 -440587
956 3863 -535834
956 3961 274601
956 4083 -119755
956 4117 94133
956 4183 221686
956 4436 480134
956 4540 372076
956 4736 -442815
956 4882 -466209
956 4910 512440
956 4984 235611
977 25 -374010
977 102 -111381
977 279 86721
977 287 311538
977 367 -104394
977 408 332910
977 644 -163989
977 728 -240435
977 731 -198102
977 790 381408
977 821 -97407
977 1058 -253998
977 1099 -96585
977 1258 17262
977 1285 -1233
977 1355 -11097
977 1429 314415
977 1433 -69459
977 1596 -406479
977 1722 307017
977 1765 104805
977 1867 -29592
977 1939 339897
977 1965 240435
977 2089 182484
977 2273 -294276
977 2287 113436
977 2321 -138096
977 2326 -79323
977 2341 -322224
977 2352 -144261
977 2367 -190704
977 2573 -265506
977 2690 129054
977 2721 -23016
977 2796 -94119
977 2954 -133575
977 3002 291810
977 3078 185772
977 3273 58773
977 3310 108915
977 3321 -273315
977 3461 -156591
977 3556 -118368
977 3707 -178374
977 3758 -125355
977 3790 -20961
977 3808 39456
977 3858 325101
977 3863 395382
977 3961 -202623
977 4083 88365
977 4117 -69459
977 4183 -163578
977 4436 -354282
977 4540 -274548
977 4736 326745
977 4882 344007
977 4910 -378120
977 4984 -173853
990 25 -257530
990 102 -76693
990 279 59713
990 287 214514
990 367 -71882
990 408 229230
990 644 -112917
990 728 -165555
990 731 -136406
990 790 262624
990 821 -67071
990 1058 -174894
990 1099 -66505
990 1258 11886
990 1285 -849
990 1355 -7641
990 1429 216495
990 1433 -47827
990 1596 -279887
990 1722 211401
990 1765 72165
990 1867 -20376
990 1939 234041
990 1965 165555
990 2089 125652
990 2273 -202628
990 2287 78108
990 2321 -95088
990 2326 -54619
990 2341 -221872
990 2352 -99333
990 2367 -131312
990 2573 -182818
990 2690 88862
990 2721 -15848
990 2796 -64807
990 2954 -91975
990 3002 200930
990 3078 127916
990 3273 40469
990 3310 74995
990 3321 -188195
990 3461 -107823
990 3556 -81504
990 3707 -122822
990 3758 -86315
990 3790 -14433
990 3808 27168
990 3858 223853
990 3863 272246
990 3961 -139519
990 4083 60845
990 4117 -47827
990 4183 -112634
990 4436 -243946
990 4540 -189044
990 4736 224985
990 4882 236871
990 4910 -260360
990 4984 -119709
1080 25 178360
1080 102 53116
1080 279 -41356
1080 287 -148568
1080 367 49784
1080 408 -158760
1080 644 78204
1080 728 114660
1080 731 94472
1080 790 -181888
1080 821 46452
1080 1058 121128
1080 1099 46060
1080 1258 -8232
1080 1285 588
1080 1355 5292
1080 1429 -149940
1080 1433 33124
1080 1596 193844
1080 1722 -146412
1080 1765 -49980
1080 1867 14112
1080 1939 -162092
1080 1965 -114660
1080 2089 -87024
1080 2273 140336
1080 2287 -54096
1080 2321 65856
1080 2326 37828
1080 2341 153664
1080 2352 68796
1080 2367 90944
1080 2573 126616
1080 2690 -61544
1080 2721 10976
1080 2796 44884
1080 2954 63700
1080 3002 -139160
1080 3078 -88592
1080 3273 -28028
1080 3310 -51940
1080 3321 130340
1080 3461 74676
1080 3556 56448
1080 3707 85064
1080 3758 59780
1080 3790 9996
1080 3808 -18816
1080 3858 -155036
1080 3863 -188552
1080 3961 96628
1080 4083 -42140
1080 4117 33124
1080 4183 78008
1080 4436 168952
1080 4540 130928
1080 4736 -155820
1080 4882 -164052
1080 4910 180320
1080 4984 82908
1189 25 219310
1189 102 65311
1189 279 -50851
1189 287 -182678
1189 367 61214
1189 408 -195210
1189 644 96159
1189 728 140985
1189 731 116162
1189 790 -223648
1189 821 57117
1189 1058 148938
1189 1099 56635
1189 1258 -10122
1189 1285 723
1189 1355 6507
1189 1429 -184365
1189 1433 40729
1189 1596 238349
1189 1722 -180027
1189 1765 -61455
1189 1867 17352
1189 1939 -199307
1189 1965 -140985
1189 2089 -107004
1189 2273 172556
1189 2287 -66516
1189 2321 80976
1189 2326 46513
1189 2341 188944
1189 2352 84591
1189 2367 111824
1189 2573 155686
1189 2690 -75674
1189 2721 13496
1189 2796 55189
1189 2954 78325
1189 3002 -171110
1189 3078 -108932
1189 3273 -34463
1189 3310 -63865
1189 3321 160265
1189 3461 91821
1189 3556 69408
1189 3707 104594
1189 3758 73505
1189 3790 12291
1189 3808 -23136
1189 3858 -190631
1189 3863 -231842
1189 3961 118813
1189 4083 -51815
1189 4117 40729
1189 4183 95918
1189 4436 207742
1189 4540 160988
1189 4736 -191595
1189 4882 -201717
1189 4910 221720
1189 4984 101943
1275 25 614250
1275 102 182925
1275 279 -142425
1275 287 -511650
1275 367 171450
1275 408 -546750
1275 644 269325
1275 728 394875
1275 731 325350
1275 790 -626400
1275 821 159975
1275 1058 417150
1275 1099 158625
1275 1258 -28350
1275 1285 2025
1275 1355 18225
1275 1429 -516375
1275 1433 114075
1275 1596 667575
1275 1722 -504225
1275 1765 -172125
1275 1867 48600
1275 1939 -558225
1275 1965 -394875
1275 2089 -299700
1275 2273 483300
1275 2287 -186300
1275 2321 226800
1275 2326 130275
1275 2341 529200
1275 2352 236925
1275 2367 313200
1275 2573 436050
1275 2690 -211950
1275 2721 37800
1275 2796 154575
1275 2954 219375
1275 3002 -479250
1275 3078 -305100
1275 3273 -96525
1275 3310 -178875
1275 3321 448875
1275 3461 257175
1275 3556 194400
1275 3707 292950
1275 3758 205875
1275 3790 34425
1275 3808 -64800
1275 3858 -533925
1275 3863 -649350
1275 3961 332775
1275 4083 -145125
1275 4117 114075
1275 4183 268650
1275 4436 581850
1275 4540 450900
1275 4736 -536625
1275 4882 -564975
1275 4910 621000
1275 4984 285525
1314 25 585130
1314 102 174253
1314 279 -135673
1314 287 -487394
1314 367 163322
1314 408 -520830
1314 644 256557
1314 728 376155
1314 731 309926
1314 790 -596704
1314 821 152391
1314 1058 397374
1314 1099 151105
1314 1258 -27006
1314 1285 1929
1314 1355 17361
1314 1429 -491895
1314 1433 108667
1314 1596 635927
1314 1722 -480321
1314 1765 -163965
1314 1867 46296
1314 1939 -531761
1314 1965 -376155
1314 2089 -285492
1314 2273 460388
1314 2287 -177468
1314 2321 216048
1314 2326 124099
1314 2341 504112
1314 2352 225693
1314 2367 298352
1314 2573 415378
1314 2690 -201902
1314 2721 36008
1314 2796 147247
1314 2954 208975
1314 3002 -456530
1314 3078 -290636
1314 3273 -91949
1314 3310 -170395
1314 3321 427595
1314 3461 244983
1314 3556 185184
1314 3707 279062
1314 3758 196115
1314 3790 32793
1314 3808 -61728
1314 3858 -508613
1314 3863 -618566
1314 3961 316999
1314 4083 -138245
1314 4117 108667
1314 4183 255914
1314 4436 554266
1314 4540 429524
1314 4736 -511185
1314 4882 -538191
1314 4910 591560
1314 4984 271989
1381 25 -263900
1381 102 -78590
1381 279 61190
1381 287 219820
1381 367 -73660
1381 408 234900
1381 644 -115710
1381 728 -169650
1381 731 -139780
1381 790 269120
1381 821 -68730
1381 1058 -179220
1381 1099 -68150
1381 1258 12180
1381 1285 -870
1381 1355 -7830
1381 1429 221850
1381 1433 -49010
1381 1596 -286810
1381 1722 216630
1381 1765 73950
1381 1867 -20880
1381 1939 239830
1381 1965 169650
1381 2089 128760
1381 2273 -207640
1381 2287 80040
1381 2321 -97440
1381 2326 -55970
1381 2341 -227360
1381 2352 -101790
1381 2367 -134560
1381 2573 -187340
1381 2690 91060
1381 2721 -16240
1381 2796 -66410
1381 2954 -94250
1381 3002 205900
1381 3078 131080
1381 3273 41470
1381 3310 76850
1381 3321 -192850
1381 3461 -110490
1381 3556 -83520
1381 3707 -125860
1381 3758 -88450
1381 3790 -14790
1381 3808 27840
1381 3858 229390
1381 3863 278980
1381 3961 -142970
1381 4083 62350
1381 4117 -49010
1381 4183 -115420
1381 4436 -249980
1381 4540 -193720
1381 4736 230550
1381 4882 242730
1381 4910 -266800
1381 4984 -122670
1460 25 239330
1460 102 71273
1460 279 -55493
1460 287 -199354
1460 367 66802
1460 408 -213030
1460 644 104937
1460 728 153855
1460 731 126766
1460 790 -244064
1460 821 62331
1460 1058 162534
1460 1099 61805
1460 1258 -11046
1460 1285 789
1460 1355 7101
1460 1429 -201195
1460 1433 44447
1460 1596 260107
1460 1722 -196461
1460 1765 -67065
1460 1867 18936
1460 1939 -217501
1460 1965 -153855
1460 2089 -116772
1460 2273 188308
1460 2287 -72588
1460 2321 88368
1460 2326 50759
1460 2341 206192
1460 2352 92313
1460 2367 122032
1460 2573 169898
1460 2690 -82582
1460 2721 14728
1460 2796 60227
1460 2954 85475
1460 3002 -186730
1460 3078 -118876
1460 3273 -37609
1460 3310 -69695
1460 3321 174895
1460 3461 100203
1460 3556 75744
1460 3707 114142
1460 3758 80215
1460 3790 13413
1460 3808 -25248
1460 3858 -208033
1460 3863 -253006
1460 3961 129659
1460 4083 -56545
1460 4117 44447
1460 4183 104674
1460 4436 226706
1460 4540 175684
1460 4736 -209085
1460 4882 -220131
1460 4910 241960
1460 4984 111249
1598 25 -84630
1598 102 -25203
1598 279 19623
1598 287 70494
1598 367 -23622
1598 408 75330
1598 644 -37107
1598 728 -54405
1598 731 -44826
1598 790 86304
1598 821 -22041
1598 1058 -57474
1598 1099 -21855
1598 1258 3906
1598 1285 -279
1598 1355 -2511
1598 1429 71145
1598 1433 -15717
1598 1596 -91977
1598 1722 69471
1598 1765 23715
1598 1867 -6696
1598 1939 76911
1598 1965 54405
1598 2089 41292
1598 2273 -66588
1598 2287 25668
1598 2321 -31248
1598 2326 -17949
1598 2341 -72912
1598 2352 -32643
1598 2367 -43152
1598 2573 -60078
1598 2690 29202
1598 2721 -5208
1598 2796 -21297
1598 2954 -30225
1598 3002 66030
1598 3078 42036
1598 3273 13299
1598 3310 24645
1598 3321 -61845
1598 3461 -35433
1598 3556 -26784
1598 3707 -40362
1598 3758 -28365
1598 3790 -4743
1598 3808 8928
1598 3858 73563
1598 3863 89466
1598 3961 -45849
1598 4083 19995
1598 4117 -15717
1598 4183 -37014
1598 4436 -80166
1598 4540 -62124
1598 4736 73935
1598 4882 77841
1598 4910 -85560
1598 4984 -39339
1630 25 364000
1630 102 108400
1630 279 -84400
1630 287 -303200
1630 367 101600
1630 408 -324000
1630 644 159600
1630 728 234000
1630 731 192800
1630 790 -371200
1630 821 94800
1630 1058 247200
1630 1099 94000
1630 1258 -16800
1630 1285 1200
1630 1355 10800
1630 1429 -306000
1630 1433 67600
1630 1596 395600
1630 1722 -298800
1630 1765 -102000
1630 1867 28800
1630 1939 -330800
1630 1965 -234000
1630 2089 -177600
1630 2273 286400
1630 2287 -110400
1630 2321 134400
1630 2326 77200
1630 2341 313600
1630 2352 140400
1630 2367 185600
1630 2573 258400
1630 2690 -125600
1630 2721 22400
1630 2796 91600
1630 2954 130000
1630 3002 -284000
1630 3078 -180800
1630 3273 -57200
1630 3310 -106000
1630 3321 266000
1630 3461 152400
1630 3556 115200
1630 3707 173600
1630 3758 122000
1630 3790 20400
1630 3808 -38400
1630 3858 -316400
1630 3863 -384800
1630 3961 197200
1630 4083 -86000
1630 4117 67600
1630 4183 159200
1630 4436 344800
1630 4540 267200
1630 4736 -318000
1630 4882 -334800
1630 4910 368000
1630 4984 169200
1684 25 -320320
1684 102 -95392
1684 279 74272
1684 287 266816
1684 367 -89408
1684 408 285120
1684 644 -140448
1684 728 -205920
1684 731 -169664
1684 790 326656
1684 821 -83424
1684 1058 -217536
1684 1099 -82720
1684 1258 14784
1684 1285 -1056
1684 1355 -9504
1684 1429 269280
1684 1433 -59488
1684 1596 -348128
1684 1722 262944
1684 1765 89760
1684 1867 -25344
1684 1939 291104
1684 1965 205920
1684 2089 156288
1684 2273 -252032
1684 2287 97152
1684 2321 -118272
1684 2326 -67936
1684 2341 -275968
1684 2352 -123552
1684 2367 -163328
1684 2573 -227392
1684 2690 110528
1684 2721 -19712
1684 2796 -80608
1684 2954 -114400
1684 3002 249920
1684 3078 159104
1684 3273 50336
1684 3310 93280
1684 3321 -234080
1684 3461 -134112
1684 3556 -101376
1684 3707 -152768
1684 3758 -107360
1684 3790 -17952
1684 3808 33792
1684 3858 278432
1684 3863 338624
1684 3961 -173536
1684 4083 75680
1684 4117 -59488
1684 4183 -140096
1684 4436 -303424
1684 4540 -235136
1684 4736 279840
1684 4882 294624
1684 4910 -323840
1684 4984 -148896
1948 25 -370370
1948 102 -110297
1948 279 85877
1948 287 308506
1948 367 -103378
1948 408 329670
1948 644 -162393
1948 728 -238095
1948 731 -196174
1948 790 377696
1948 821 -96459
1948 1058 -251526
1948 1099 -95645
1948 1258 17094
1948 1285 -1221
1948 1355 -10989
1948 1429 311355
1948 1433 -68783
1948 1596 -402523
1948 1722 304029
1948 1765 103785
1948 1867 -29304
1948 1939 336589
1948 1965 238095
1948 2089 180708
1948 2273 -291412
1948 2287 112332
1948 2321 -136752
1948 2326 -78551
1948 2341 -319088
1948 2352 -142857
1948 2367 -188848
1948 2573 -262922
1948 2690 127798
1948 2721 -22792
1948 2796 -93203
1948 2954 -132275
1948 3002 288970
1948 3078 183964
1948 3273 58201
1948 3310 107855
1948 3321 -270655
1948 3461 -155067
1948 3556 -117216
1948 3707 -176638
1948 3758 -124135
1948 3790 -20757
1948 3808 39072
1948 3858 321937
1948 3863 391534
1948 3961 -200651
1948 4083 87505
1948 4117 -68783
1948 4183 -161986
1948 4436 -350834
1948 4540 -271876
1948 4736 323565
1948 4882 340659
1948 4910 -374440
1948 4984 -172161
1982 25 778050
1982 102 231705
1982 279 -180405
1982 287 -648090
1982 367 217170
1982 408 -692550
1982 644 341145
1982 728 500175
1982 731 412110
1982 790 -793440
1982 821 202635
1982 1058 528390
1982 1099 200925
1982 1258 -35910
1982 1285 2565
1982 1355 23085
1982 1429 -654075
1982 1433 144495
1982 1596 845595
1982 1722 -638685
1982 1765 -218025
1982 1867 61560
1982 1939 -707085
1982 1965 -500175
1982 2089 -379620
1982 2273 612180
1982 2287 -235980
1982 2321 287280
1982 2326 165015
1982 2341 670320
1982 2352 300105
1982 2367 396720
1982 2573 552330
1982 2690 -268470
1982 2721 47880
1982 2796 195795
1982 2954 277875
1982 3002 -607050
1982 3078 -386460
1982 3273 -122265
1982 3310 -226575
1982 3321 568575
1982 3461 325755
1982 3556 246240
1982 3707 371070
1982 3758 260775
1982 3790 43605
1982 3808 -82080
1982 3858 -676305
1982 3863 -822510
1982 3961 421515
1982 4083 -183825
1982 4117 144495
1982 4183 340290
1982 4436 737010
1982 4540 571140
1982 4736 -679725
1982 4882 -715635
1982 4910 786600
1982 4984 361665
2061 25 362180
2061 102 107858
2061 279 -83978
2061 287 -301684
2061 367 101092
2061 408 -322380
2061 644 158802
2061 728 232830
2061 731 191836
2061 790 -369344
2061 821 94326
2061 1058 245964
2061 1099 93530
2061 1258 -16716
2061 1285 1194
2061 1355 10746
2061 1429 -304470
2061 1433 67262
2061 1596 393622
2061 1722 -297306
2061 1765 -101490
2061 1867 28656
2061 1939 -329146
2061 1965 -232830
2061 2089 -176712
2061 2273 284968
2061 2287 -109848
2061 2321 133728
2061 2326 76814
2061 2341 312032
2061 2352 139698
2061 2367 184672
2061 2573 257108
2061 2690 -124972
2061 2721 22288
2061 2796 91142
2061 2954 129350
2061 3002 -282580
2061 3078 -179896
2061 3273 -56914
2061 3310 -105470
2061 3321 264670
2061 3461 151638
2061 3556 114624
2061 3707 172732
2061 3758 121390
2061 3790 20298
2061 3808 -38208
2061 3858 -314818
2061 3863 -382876
2061 3961 196214
2061 4083 -85570
2061 4117 67262
2061 4183 158404
2061 4436 343076
2061 4540 265864
2061 4736 -316410
2061 4882 -333126
2061 4910 366160
2061 4984 168354
2132 25 -60060
2132 102 -17886
2132 279 13926
2132 287 50028
2132 367 -16764
2132 408 53460
2132 644 -26334
2132 728 -38610
2132 731 -31812
2132 790 61248
2132 821 -15642
2132 1058 -40788
2132 1099 -15510
2132 1258 2772
2132 1285 -198
2132 1355 -1782
2132 1429 50490
2132 1433 -11154
2132 1596 -65274
2132 1722 49302
2132 1765 16830
2132 1867 -4752
2132 1939 54582
2132 1965 38610
2132 2089 29304
2132 2273 -47256
2132 2287 18216
2132 2321 -22176
2132 2326 -12738
2132 2341 -51744
2132 2352 -23166
2132 2367 -30624
2132 2573 -42636
2132 2690 20724
2132 2721 -3696
2132 2796 -15114
2132 2954 -21450
2132 3002 46860
2132 3078 29832
2132 3273 9438
2132 3310 17490
2132 3321 -43890
2132 3461 -25146
2132 3556 -19008
2132 3707 -28644
2132 3758 -20130
2132 3790 -3366
2132 3808 6336
2132 3858 52206
2132 3863 63492
2132 3961 -32538
2132 4083 14190
2132 4117 -11154
2132 4183 -26268
2132 4436 -56892
2132 4540 -44088
2132 4736 52470
2132 4882 55242
2132 4910 -60720
2132 4984 -27918
2307 25 455000
2307 102 135500
2307 279 -105500
2307 287 -379000
2307 367 127000
2307 408 -405000
2307 644 199500
2307 728 292500
2307 731 241000
2307 790 -464000
2307 821 118500
2307 1058 309000
2307 1099 117500
2307 1258 -21000
2307 1285 1500
2307 1355 13500
2307 1429 -382500
2307 1433 84500
2307 1596 494500
2307 1722 -373500
2307 1765 -127500
2307 1867 36000
2307 1939 -413500
2307 1965 -292500
2307 2089 -222000
2307 2273 358000
2307 2287 -138000
2307 2321 168000
2307 2326 96500
2307 2341 392000
2307 2352 175500
2307 2367 232000
2307 2573 323000
2307 2690 -157000
2307 2721 28000
2307 2796 114500
2307 2954 162500
2307 3002 -355000
2307 3078 -226000
2307 3273 -71500
2307 3310 -132500
2307 3321 332500
2307 3461 190500
2307 3556 144000
2307 3707 217000
2307 3758 152500
2307 3790 25500
2307 3808 -48000
2307 3858 -395500
2307 3863 -481000
2307 3961 246500
2307 4083 -107500
2307 4117 84500
2307 4183 199000
2307 4436 431000
2307 4540 334000
2307 4736 -397500
2307 4882 -418500
2307 4910 460000
2307 4984 211500
2351 25 433160
2351 102 128996
2351 279 -100436
2351 287 -360808
2351 367 120904
2351 408 -385560
2351 644 189924
2351 728 278460
2351 731 229432
2351 790 -441728
2351 821 112812
2351 1058 294168
2351 1099 111860
2351 1258 -19992
2351 1285 1428
2351 1355 12852
2351 1429 -364140
2351 1433 80444
2351 1596 470764
2351 1722 -355572
2351 1765 -121380
2351 1867 34272
2351 1939 -393652
2351 1965 -278460
2351 2089 -211344
2351 2273 340816
2351 2287 -131376
2351 2321 159936
2351 2326 91868
2351 2341 373184
2351 2352 167076
2351 2367 220864
2351 2573 307496
2351 2690 -149464
2351 2721 26656
2351 2796 109004
2351 2954 154700
2351 3002 -337960
2351 3078 -215152
2351 3273 -68068
2351 3310 -126140
2351 3321 316540
2351 3461 181356
2351 3556 137088
2351 3707 206584
2351 3758 145180
2351 3790 24276
2351 3808 -45696
2351 3858 -376516
2351 3863 -457912
2351 3961 234668
2351 4083 -102340
2351 4117 80444
2351 4183 189448
2351 4436 410312
2351 4540 317968
2351 4736 -378420
2351 4882 -398412
2351 4910 437920
2351 4984 201348
2407 25 -41860
2407 102 -12466
2407 279 9706
2407 287 34868
2407 367 -11684
2407 408 37260
2407 644 -18354
2407 728 -26910
2407 731 -22172
2407 790 42688
2407 821 -10902
2407 1058 -28428
2407 1099 -10810
2407 1258 1932
2407 1285 -138
2407 1355 -1242
2407 1429 35190
2407 1433 -7774
2407 1596 -45494
2407 1722 34362
2407 1765 11730
2407 1867 -3312
2407 1939 38042
2407 1965 26910
2407 2089 20424
2407 2273 -32936
2407 2287 12696
2407 2321 -15456
2407 2326 -8878
2407 2341 -36064
2407 2352 -16146
2407 2367 -21344
2407 2573 -29716
2407 2690 14444
2407 2721 -2576
2407 2796 -10534
2407 2954 -14950
2407 3002 32660
2407 3078 20792
2407 3273 6578
2407 3310 12190
2407 3321 -30590
2407 3461 -17526
2407 3556 -13248
2407 3707 -19964
2407 3758 -14030
2407 3790 -2346
2407 3808 4416
2407 3858 36386
2407 3863 44252
2407 3961 -22678
2407 4083 9890
2407 4117 -7774
2407 4183 -18308
2407 4436 -39652
2407 4540 -30728
2407 4736 36570
2407 4882 38502
2407 4910 -42320
2407 4984 -19458
2415 25 567840
2415 102 169104
2415 279 -131664
2415 287 -472992
2415 367 158496
2415 408 -505440
2415 644 248976
2415 728 365040
2415 731 300768
2415 790 -579072
2415 821 147888
2415 1058 385632
2415 1099 146640
2415 1258 -26208
2415 1285 1872
2415 1355 16848
2415 1429 -477360
2415 1433 105456
2415 1596 617136
2415 1722 -466128
2415 1765 -159120
2415 1867 44928
2415 1939 -516048
2415 1965 -365040
2415 2089 -277056
2415 2273 446784
2415 2287 -172224
2415 2321 209664
2415 2326 120432
2415 2341 489216
2415 2352 219024
2415 2367 289536
2415 2573 403104
2415 2690 -195936
2415 2721 34944
2415 2796 142896
2415 2954 202800
2415 3002 -443040
2415 3078 -282048
2415 3273 -89232
2415 3310 -165360
2415 3321 414960
2415 3461 237744
2415 3556 179712
2415 3707 270816
2415 3758 190320
2415 3790 31824
2415 3808 -59904
2415 3858 -493584
2415 3863 -600288
2415 3961 307632
2415 4083 -134160
2415 4117 105456
2415 4183 248352
2415 4436 537888
2415 4540 416832
2415 4736 -496080
2415 4882 -522288
2415 4910 574080
2415 4984 263952
2453 25 581490
2453 102 173169
2453 279 -134829
2453 287 -484362
2453 367 162306
2453 408 -517590
2453 644 254961
2453 728 373815
2453 731 307998
2453 790 -592992
2453 821 151443
2453 1058 394902
2453 1099 150165
2453 1258 -26838
2453 1285 1917
2453 1355 17253
2453 1429 -488835
2453 1433 107991
2453 1596 631971
2453 1722 -477333
2453 1765 -162945
2453 1867 46008
2453 1939 -528453
2453 1965 -373815
2453 2089 -283716
2453 2273 457524
2453 2287 -176364
2453 2321 214704
2453 2326 123327
2453 2341 500976
2453 2352 224289
2453 2367 296496
2453 2573 412794
2453 2690 -200646
2453 2721 35784
2453 2796 146331
2453 2954 207675
2453 3002 -453690
2453 3078 -288828
2453 3273 -91377
2453 3310 -169335
2453 3321 424935
2453 3461 243459
2453 3556 184032
2453 3707 277326
2453 3758 194895
2453 3790 32589
2453 3808 -61344
2453 3858 -505449
2453 3863 -614718
2453 3961 315027
2453 4083 -137385
2453 4117 107991
2453 4183 254322
2453 4436 550818
2453 4540 426852
2453 4736 -508005
2453 4882 -534843
2453 4910 587880
2453 4984 270297
2545 25 -294840
2545 102 -87804
2545 279 68364
2545 287 245592
2545 367 -82296
2545 408 262440
2545 644 -129276
2545 728 -189540
2545 731 -156168
2545 790 300672
2545 821 -76788
2545 1058 -200232
2545 1099 -76140
2545 1258 13608
2545 1285 -972
2545 1355 -8748
2545 1429 247860
2545 1433 -54756
2545 1596 -320436
2545 1722 242028
2545 1765 82620
2545 1867 -23328
2545 1939 267948
2545 1965 189540
2545 2089 143856
2545 2273 -231984
2545 2287 89424
2545 2321 -108864
2545 2326 -62532
2545 2341 -254016
2545 2352 -113724
2545 2367 -150336
2545 2573 -209304
2545 2690 101736
2545 2721 -18144
2545 2796 -74196
2545 2954 -105300
2545 3002 230040
2545 3078 146448
2545 3273 46332
2545 3310 85860
2545 3321 -215460
2545 3461 -123444
2545 3556 -93312
2545 3707 -140616
2545 3758 -98820
2545 3790 -16524
2545 3808 31104
2545 3858 256284
2545 3863 311688
2545 3961 -159732
2545 4083 69660
2545 4117 -54756
2545 4183 -128952
2545 4436 -279288
2545 4540 -216432
2545 4736 257580
2545 4882 271188
2545 4910 -298080
2545 4984 -137052
2579 25 559650
2579 102 166665
2579 279 -129765
2579 287 -466170
2579 367 156210
2579 408 -498150
2579 644 245385
2579 728 359775
2579 731 296430
2579 790 -570720
2579 821 145755
2579 1058 380070
2579 1099 144525
2579 1258 -25830
2579 1285 1845
2579 1355 16605
2579 1429 -470475
2579 1433 103935
2579 1596 608235
2579 1722 -459405
2579 1765 -156825
2579 1867 44280
2579 1939 -508605
2579 1965 -359775
2579 2089 -273060
2579 2273 440340
2579 2287 -169740
2579 2321 206640
2579 2326 118695
2579 2341 482160
2579 2352 215865
2579 2367 285360
2579 2573 397290
2579 2690 -193110
2579 2721 34440
2579 2796 140835
2579 2954 199875
2579 3002 -436650
2579 3078 -277980
2579 3273 -87945
2579 3310 -162975
2579 3321 408975
2579 3461 234315
2579 3556 177120
2579 3707 266910
2579 3758 187575
2579 3790 31365
2579 3808 -59040
2579 3858 -486465
2579 3863 -591630
2579 3961 303195
2579 4083 -132225
2579 4117 103935
2579 4183 244770
2579 4436 530130
2579 4540 410820
2579 4736 -488925
2579 4882 -514755
2579 4910 565800
2579 4984 260145
2854 25 -192920
2854 102 -57452
2854 279 44732
2854 287 160696
2854 367 -53848
2854 408 171720
2854 644 -84588
2854 728 -124020
2854 731 -102184
2854 790 196736
2854 821 -50244
2854 1058 -131016
2854 1099 -49820
2854 1258 8904
2854 1285 -636
2854 1355 -5724
2854 1429 162180
2854 1433 -35828
2854 1596 -209668
2854 1722 158364
2854 1765 54060
2854 1867 -15264
2854 1939 175324
2854 1965 124020
2854 2089 94128
2854 2273 -151792
2854 2287 58512
2854 2321 -71232
2854 2326 -40916
2854 2341 -166208
2854 2352 -74412
2854 2367 -98368
2854 2573 -136952
2854 2690 66568
2854 2721 -11872
2854 2796 -48548
2854 2954 -68900
2854 3002 150520
2854 3078 95824
2854 3273 30316
2854 3310 56180
2854 3321 -140980
2854 3461 -80772
2854 3556 -61056
2854 3707 -92008
2854 3758 -64660
2854 3790 -10812
2854 3808 20352
2854 3858 167692
2854 3863 203944
2854 3961 -104516
2854 4083 45580
2854 4117 -35828
2854 4183 -84376
2854 4436 -182744
2854 4540 -141616
2854 4736 168540
2854 4882 177444
2854 4910 -195040
2854 4984 -89676
2894 25 14560
2894 102 4336
2894 279 -3376
2894 287 -12128
2894 367 4064
2894 408 -12960
2894 644 6384
2894 728 9360
2894 731 7712
2894 790 -14848
2894 821 3792
2894 1058 9888
2894 1099 3760
2894 1258 -672
2894 1285 48
2894 1355 432
2894 1429 -12240
2894 1433 2704
2894 1596 15824
2894 1722 -11952
2894 1765 -4080
2894 1867 1152
2894 1939 -13232
2894 1965 -9360
2894 2089 -7104
2894 2273 11456
2894 2287 -4416
2894 2321 5376
2894 2326 3088
2894 2341 12544
2894 2352 5616
2894 2367 7424
2894 2573 10336
2894 2690 -5024
2894 2721 896
2894 2796 3664
2894 2954 5200
2894 3002 -11360
2894 3078 -7232
2894 3273 -2288
2894 3310 -4240
2894 3321 10640
2894 3461 6096
2894 3556 4608
2894 3707 6944
2894 3758 4880
2894 3790 816
2894 3808 -1536
2894 3858 -12656
2894 3863 -15392
2894 3961 7888
2894 4083 -3440
2894 4117 2704
2894 4183 6368
2894 4436 13792
2894 4540 10688
2894 4736 -12720
2894 4882 -13392
2894 4910 14720
2894 4984 6768
3007 25 707070
3007 102 210567
3007 279 -163947
3007 287 -588966
3007 367 197358
3007 408 -629370
3007 644 310023
3007 728 454545
3007 731 374514
3007 790 -721056
3007 821 184149
3007 1058 480186
3007 1099 182595
3007 1258 -32634
3007 1285 2331
3007 1355 20979
3007 1429 -594405
3007 1433 131313
3007 1596 768453
3007 1722 -580419
3007 1765 -198135
3007 1867 55944
3007 1939 -642579
3007 1965 -454545
3007 2089 -344988
3007 2273 556332
3007 2287 -214452
3007 2321 261072
3007 2326 149961
3007 2341 609168
3007 2352 272727
3007 2367 360528
3007 2573 501942
3007 2690 -243978
3007 2721 43512
3007 2796 177933
3007 2954 252525
3007 3002 -551670
3007 3078 -351204
3007 3273 -111111
3007 3310 -205905
3007 3321 516705
3007 3461 296037
3007 3556 223776
3007 3707 337218
3007 3758 236985
3007 3790 39627
3007 3808 -74592
3007 3858 -614607
3007 3863 -747474
3007 3961 383061
3007 4083 -167055
3007 4117 131313
3007 4183 309246
3007 4436 669774
3007 4540 519036
3007 4736 -617715
3007 4882 -650349
3007 4910 714840
3007 4984 328671
3057 25 -182910
3057 102 -54471
3057 279 42411
3057 287 152358
3057 367 -51054
3057 408 162810
3057 644 -80199
3057 728 -117585
3057 731 -96882
3057 790 186528
3057 821 -47637
3057 1058 -124218
3057 1099 -47235
3057 1258 8442
3057 1285 -603
3057 1355 -5427
3057 1429 153765
3057 1433 -33969
3057 1596 -198789
3057 1722 150147
3057 1765 51255
3057 1867 -14472
3057 1939 166227
3057 1965 117585
3057 2089 89244
3057 2273 -143916
3057 2287 55476
3057 2321 -67536
3057 2326 -38793
3057 2341 -157584
3057 2352 -70551
3057 2367 -93264
3057 2573 -129846
3057 2690 63114
3057 2721 -11256
3057 2796 -46029
3057 2954 -65325
3057 3002 142710
3057 3078 90852
3057 3273 28743
3057 3310 53265
3057 3321 -133665
3057 3461 -76581
3057 3556 -57888
3057 3707 -87234
3057 3758 -61305
3057 3790 -10251
3057 3808 19296
3057 3858 158991
3057 3863 193362
3057 3961 -99093
3057 4083 43215
3057 4117 -33969
3057 4183 -79998
3057 4436 -173262
3057 4540 -134268
3057 4736 159795
3057 4882 168237
3057 4910 -184920
3057 4984 -85023
3394 25 130130
3394 102 38753
3394 279 -30173
3394 287 -108394
3394 367 36322
3394 408 -115830
3394 644 57057
3394 728 83655
3394 731 68926
3394 790 -132704
3394 821 33891
3394 1058 88374
3394 1099 33605
3394 1258 -6006
3394 1285 429
3394 1355 3861
3394 1429 -109395
3394 1433 24167
3394 1596 141427
3394 1722 -106821
3394 1765 -36465
3394 1867 10296
3394 1939 -118261
3394 1965 -83655
3394 2089 -63492
3394 2273 102388
3394 2287 -39468
3394 2321 48048
3394 2326 27599
3394 2341 112112
3394 2352 50193
3394 2367 66352
3394 2573 92378
3394 2690 -44902
3394 2721 8008
3394 2796 32747
3394 2954 46475
3394 3002 -101530
3394 3078 -64636
3394 3273 -20449
3394 3310 -37895
3394 3321 95095
3394 3461 54483
3394 3556 41184
3394 3707 62062
3394 3758 43615
3394 3790 7293
3394 3808 -13728
3394 3858 -113113
3394 3863 -137566
3394 3961 70499
3394 4083 -30745
3394 4117 24167
3394 4183 56914
3394 4436 123266
3394 4540 95524
3394 4736 -113685
3394 4882 -119691
3394 4910 131560
3394 4984 60489
3423 25 -668850
3423 102 -199185
3423 279 155085
3423 287 557130
3423 367 -186690
3423 408 595350
3423 644 -293265
3423 728 -429975
3423 731 -354270
3423 790 682080
3423 821 -174195
3423 1058 -454230
3423 1099 -172725
3423 1258 30870
3423 1285 -2205
3423 1355 -19845
3423 1429 562275
3423 1433 -124215
3423 1596 -726915
3423 1722 549045
3423 1765 187425
3423 1867 -52920
3423 1939 607845
3423 1965 429975
3423 2089 326340
3423 2273 -526260
3423 2287 202860
3423 2321 -246960
3423 2326 -141855
3423 2341 -576240
3423 2352 -257985
3423 2367 -341040
3423 2573 -474810
3423 2690 230790
3423 2721 -41160
3423 2796 -168315
3423 2954 -238875
3423 3002 521850
3423 3078 332220
3423 3273 105105
3423 3310 194775
3423 3321 -488775
3423 3461 -280035
3423 3556 -211680
3423 3707 -318990
3423 3758 -224175
3423 3790 -37485
3423 3808 70560
3423 3858 581385
3423 3863 707070
3423 3961 -362355
3423 4083 158025
3423 4117 -124215
3423 4183 -292530
3423 4436 -633570
3423 4540 -490980
3423 4736 584325
3423 4882 615195
3423 4910 -676200
3423 4984 -310905
3432 25 -167440
3432 102 -49864
3432 279 38824
3432 287 139472
3432 367 -46736
3432 408 149040
3432 644 -73416
3432 728 -107640
3432 731 -88688
3432 790 170752
3432 821 -43608
3432 1058 -113712
3432 1099 -43240
3432 1258 7728
3432 1285 -552
3432 1355 -4968
3432 1429 140760
3432 1433 -31096
3432 1596 -181976
3432 1722 137448
3432 1765 46920
3432 1867 -13248
3432 1939 152168
3432 1965 107640
3432 2089 81696
3432 2273 -131744
3432 2287 50784
3432 2321 -61824
3432 2326 -35512
3432 2341 -144256
3432 2352 -64584
3432 2367 -85376
3432 2573 -118864
3432 2690 57776
3432 2721 -10304
3432 2796 -42136
3432 2954 -59800
3432 3002 130640
3432 3078 83168
3432 3273 26312
3432 3310 48760
3432 3321 -122360
3432 3461 -70104
3432 3556 -52992
3432 3707 -79856
3432 3758 -56120
3432 3790 -9384
3432 3808 17664
3432 3858 145544
3432 3863 177008
3432 3961 -90712
3432 4083 39560
3432 4117 -31096
3432 4183 -73232
3432 4436 -158608
3432 4540 -122912
3432 4736 146280
3432 4882 154008
3432 4910 -169280
3432 4984 -77832
3450 25 64610
3450 102 19241
3450 279 -14981
3450 287 -53818
3450 367 18034
3450 408 -57510
3450 644 28329
3450 728 41535
3450 731 34222
3450 790 -65888
3450 821 16827
3450 1058 43878
3450 1099 16685
3450 1258 -2982
3450 1285 213
3450 1355 1917
3450 1429 -54315
3450 1433 11999
3450 1596 70219
3450 1722 -53037
3450 1765 -18105
3450 1867 5112
3450 1939 -58717
3450 1965 -41535
3450 2089 -31524
3450 2273 50836
3450 2287 -19596
3450 2321 23856
3450 2326 13703
3450 2341 55664
3450 2352 24921
3450 2367 32944
3450 2573 45866
3450 2690 -22294
3450 2721 3976
3450 2796 16259
3450 2954 23075
3450 3002 -50410
3450 3078 -32092
3450 3273 -10153
3450 3310 -18815
3450 3321 47215
3450 3461 27051
3450 3556 20448
3450 3707 30814
3450 3758 21655
3450 3790 3621
3450 3808 -6816
3450 3858 -56161
3450 3863 -68302
3450 3961 35003
3450 4083 -15265
3450 4117 11999
3450 4183 28258
3450 4436 61202
3450 4540 47428
3450 4736 -56445
3450 4882 -59427
3450 4910 65320
3450 4984 30033
3773 25 -151060
3773 102 -44986
3773 279 35026
3773 287 125828
3773 367 -42164
3773 408 134460
3773 644 -66234
3773 728 -97110
3773 731 -80012
3773 790 154048
3773 821 -39342
3773 1058 -102588
3773 1099 -39010
3773 1258 6972
3773 1285 -498
3773 1355 -4482
3773 1429 126990
3773 1433 -28054
3773 1596 -164174
3773 1722 124002
3773 1765 42330
3773 1867 -11952
3773 1939 137282
3773 1965 97110
3773 2089 73704
3773 2273 -118856
3773 2287 45816
3773 2321 -55776
3773 2326 -32038
3773 2341 -130144
3773 2352 -58266
3773 2367 -77024
3773 2573 -107236
3773 2690 52124
3773 2721 -9296
3773 2796 -38014
3773 2954 -53950
3773 3002 117860
3773 3078 75032
3773 3273 23738
3773 3310 43990
3773 3321 -110390
3773 3461 -63246
3773 3556 -47808
3773 3707 -72044
3773 3758 -50630
3773 3790 -8466
3773 3808 15936
3773 3858 131306
3773 3863 159692
3773 3961 -81838
3773 4083 35690
3773 4117 -28054
3773 4183 -66068
3773 4436 -143092
3773 4540 -110888
3773 4736 131970
3773 4882 138942
3773 4910 -152720
3773 4984 -70218
3791 25 458640
3791 102 136584
3791 279 -106344
3791 287 -382032
3791 367 128016
3791 408 -408240
3791 644 201096
3791 728 294840
3791 731 242928
3791 790 -467712
3791 821 119448
3791 1058 311472
3791 1099 118440
3791 1258 -21168
3791 1285 1512
3791 1355 13608
3791 1429 -385560
3791 1433 85176
3791 1596 498456
3791 1722 -376488
3791 1765 -128520
3791 1867 36288
3791 1939 -416808
3791 1965 -294840
3791 2089 -223776
3791 2273 360864
3791 2287 -139104
3791 2321 169344
3791 2326 97272
3791 2341 395136
3791 2352 176904
3791 2367 233856
3791 2573 325584
3791 2690 -158256
3791 2721 28224
3791 2796 115416
3791 2954 163800
3791 3002 -357840
3791 3078 -227808
3791 3273 -72072
3791 3310 -133560
3791 3321 335160
3791 3461 192024
3791 3556 145152
3791 3707 218736
3791 3758 153720
3791 3790 25704
3791 3808 -48384
3791 3858 -398664
3791 3863 -484848
3791 3961 248472
3791 4083 -108360
3791 4117 85176
3791 4183 200592
3791 4436 434448
3791 4540 336672
3791 4736 -400680
3791 4882 -421848
3791 4910 463680
3791 4984 213192
4028 25 357630
4028 102 106503
4028 279 -82923
4028 287 -297894
4028 367 99822
4028 408 -318330
4028 644 156807
4028 728 229905
4028 731 189426
4028 790 -364704
4028 821 93141
4028 1058 242874
4028 1099 92355
4028 1258 -16506
4028 1285 1179
4028 1355 10611
4028 1429 -300645
4028 1433 66417
4028 1596 388677
4028 1722 -293571
4028 1765 -100215
4028 1867 28296
4028 1939 -325011
4028 1965 -229905
4028 2089 -174492
4028 2273 281388
4028 2287 -108468
4028 2321 132048
4028 2326 75849
4028 2341 308112
4028 2352 137943
4028 2367 182352
4028 2573 253878
4028 2690 -123402
4028 2721 22008
4028 2796 89997
4028 2954 127725
4028 3002 -279030
4028 3078 -177636
4028 3273 -56199
4028 3310 -104145
4028 3321 261345
4028 3461 149733
4028 3556 113184
4028 3707 170562
4028 3758 119865
4028 3790 20043
4028 3808 -37728
4028 3858 -310863
4028 3863 -378066
4028 3961 193749
4028 4083 -84495
4028 4117 66417
4028 4183 156414
4028 4436 338766
4028 4540 262524
4028 4736 -312435
4028 4882 -328941
4028 4910 361560
4028 4984 166239
4085 25 547820
4085 102 163142
4085 279 -127022
4085 287 -456316
4085 367 152908
4085 408 -487620
4085 644 240198
4085 728 352170
4085 731 290164
4085 790 -558656
4085 821 142674
4085 1058 372036
4085 1099 141470
4085 1258 -25284
4085 1285 1806
4085 1355 16254
4085 1429 -460530
4085 1433 101738
4085 1596 595378
4085 1722 -449694
4085 1765 -153510
4085 1867 43344
4085 1939 -497854
4085 1965 -352170
4085 2089 -267288
4085 2273 431032
4085 2287 -166152
4085 2321 202272
4085 2326 116186
4085 2341 471968
4085 2352 211302
4085 2367 279328
4085 2573 388892
4085 2690 -189028
4085 2721 33712
4085 2796 137858
4085 2954 195650
4085 3002 -427420
4085 3078 -272104
4085 3273 -86086
4085 3310 -159530
4085 3321 400330
4085 3461 229362
4085 3556 173376
4085 3707 261268
4085 3758 183610
4085 3790 30702
4085 3808 -57792
4085 3858 -476182
4085 3863 -579124
4085 3961 296786
4085 4083 -129430
4085 4117 101738
4085 4183 239596
4085 4436 518924
4085 4540 402136
4085 4736 -478590
4085 4882 -503874
4085 4910 553840
4085 4984 254646
4137 25 -845390
4137 102 -251759
4137 279 196019
4137 287 704182
4137 367 -235966
4137 408 752490
4137 644 -370671
4137 728 -543465
4137 731 -447778
4137 790 862112
4137 821 -220173
4137 1058 -574122
4137 1099 -218315
4137 1258 39018
4137 1285 -2787
4137 1355 -25083
4137 1429 710685
4137 1433 -157001
4137 1596 -918781
4137 1722 693963
4137 1765 236895
4137 1867 -66888
4137 1939 768283
4137 1965 543465
4137 2089 412476
4137 2273 -665164
4137 2287 256404
4137 2321 -312144
4137 2326 -179297
4137 2341 -728336
4137 2352 -326079
4137 2367 -431056
4137 2573 -600134
4137 2690 291706
4137 2721 -52024
4137 2796 -212741
4137 2954 -301925
4137 3002 659590
4137 3078 419908
4137 3273 132847
4137 3310 246185
4137 3321 -617785
4137 3461 -353949
4137 3556 -267552
4137 3707 -403186
4137 3758 -283345
4137 3790 -47379
4137 3808 89184
4137 3858 734839
4137 3863 893698
4137 3961 -457997
4137 4083 199735
4137 4117 -157001
4137 4183 -369742
4137 4436 -800798
4137 4540 -620572
4137 4736 738555
4137 4882 777573
4137 4910 -854680
4137 4984 -392967
4154 25 -852670
4154 102 -253927
4154 279 197707
4154 287 710246
4154 367 -237998
4154 408 758970
4154 644 -373863
4154 728 -548145
4154 731 -451634
4154 790 869536
4154 821 -222069
4154 1058 -579066
4154 1099 -220195
4154 1258 39354
4154 1285 -2811
4154 1355 -25299
4154 1429 716805
4154 1433 -158353
4154 1596 -926693
4154 1722 699939
4154 1765 238935
4154 1867 -67464
4154 1939 774899
4154 1965 548145
4154 2089 416028
4154 2273 -670892
4154 2287 258612
4154 2321 -314832
4154 2326 -180841
4154 2341 -734608
4154 2352 -328887
4154 2367 -434768
4154 2573 -605302
4154 2690 294218
4154 2721 -52472
4154 2796 -214573
4154 2954 -304525
4154 3002 665270
4154 3078 423524
4154 3273 133991
4154 3310 248305
4154 3321 -623105
4154 3461 -356997
4154 3556 -269856
4154 3707 -406658
4154 3758 -285785
4154 3790 -47787
4154 3808 89952
4154 3858 741167
4154 3863 901394
4154 3961 -461941
4154 4083 201455
4154 4117 -158353
4154 4183 -372926
4154 4436 -807694
4154 4540 -625916
4154 4736 744915
4154 4882 784269
4154 4910 -862040
4154 4984 -396351
4207 25 633360
4207 102 188616
4207 279 -146856
4207 287 -527568
4207 367 176784
4207 408 -563760
4207 644 277704
4207 728 407160
4207 731 335472
4207 790 -645888
4207 821 164952
4207 1058 430128
4207 1099 163560
4207 1258 -29232
4207 1285 2088
4207 1355 18792
4207 1429 -532440
4207 1433 117624
4207 1596 688344
4207 1722 -519912
4207 1765 -177480
4207 1867 50112
4207 1939 -575592
4207 1965 -407160
4207 2089 -309024
4207 2273 498336
4207 2287 -192096
4207 2321 233856
4207 2326 134328
4207 2341 545664
4207 2352 244296
4207 2367 322944
4207 2573 449616
4207 2690 -218544
4207 2721 38976
4207 2796 159384
4207 2954 226200
4207 3002 -494160
4207 3078 -314592
4207 3273 -99528
4207 3310 -184440
4207 3321 462840
4207 3461 265176
4207 3556 200448
4207 3707 302064
4207 3758 212280
4207 3790 35496
4207 3808 -66816
4207 3858 -550536
4207 3863 -669552
4207 3961 343128
4207 4083 -149640
4207 4117 117624
4207 4183 277008
4207 4436 599952
4207 4540 464928
4207 4736 -553320
4207 4882 -582552
4207 4910 640320
4207 4984 294408
4247 25 34580
4247 102 10298
4247 279 -8018
4247 287 -28804
4247 367 9652
4247 408 -30780
4247 644 15162
4247 728 22230
4247 731 18316
4247 790 -35264
4247 821 9006
4247 1058 23484
4247 1099 8930
4247 1258 -1596
4247 1285 114
4247 1355 1026
4247 1429 -29070
4247 1433 6422
4247 1596 37582
4247 1722 -28386
4247 1765 -9690
4247 1867 2736
4247 1939 -31426
4247 1965 -22230
4247 2089 -16872
4247 2273 27208
4247 2287 -10488
4247 2321 12768
4247 2326 7334
4247 2341 29792
4247 2352 13338
4247 2367 17632
4247 2573 24548
4247 2690 -11932
4247 2721 2128
4247 2796 8702
4247 2954 12350
4247 3002 -26980
4247 3078 -17176
4247 3273 -5434
4247 3310 -10070
4247 3321 25270
4247 3461 14478
4247 3556 10944
4247 3707 16492
4247 3758 11590
4247 3790 1938
4247 3808 -3648
4247 3858 -30058
4247 3863 -36556
4247 3961 18734
4247 4083 -8170
4247 4117 6422
4247 4183 15124
4247 4436 32756
4247 4540 25384
4247 4736 -30210
4247 4882 -31806
4247 4910 34960
4247 4984 16074
4283 25 828100
4283 102 246610
4283 279 -192010
4283 287 -689780
4283 367 231140
4283 408 -737100
4283 644 363090
4283 728 532350
4283 731 438620
4283 790 -844480
4283 821 215670
4283 1058 562380
4283 1099 213850
4283 1258 -38220
4283 1285 2730
4283 1355 24570
4283 1429 -696150
4283 1433 153790
4283 1596 899990
4283 1722 -679770
4283 1765 -232050
4283 1867 65520
4283 1939 -752570
4283 1965 -532350
4283 2089 -404040
4283 2273 651560
4283 2287 -251160
4283 2321 305760
4283 2326 175630
4283 2341 713440
4283 2352 319410
4283 2367 422240
4283 2573 587860
4283 2690 -285740
4283 2721 50960
4283 2796 208390
4283 2954 295750
4283 3002 -646100
4283 3078 -411320
4283 3273 -130130
4283 3310 -241150
4283 3321 605150
4283 3461 346710
4283 3556 262080
4283 3707 394940
4283 3758 277550
4283 3790 46410
4283 3808 -87360
4283 3858 -719810
4283 3863 -875420
4283 3961 448630
4283 4083 -195650
4283 4117 153790
4283 4183 362180
4283 4436 784420
4283 4540 607880
4283 4736 -723450
4283 4882 -761670
4283 4910 837200
4283 4984 384930
4369 25 782600
4369 102 233060
4369 279 -181460
4369 287 -651880
4369 367 218440
4369 408 -696600
4369 644 343140
4369 728 503100
4369 731 414520
4369 790 -798080
4369 821 203820
4369 1058 531480
4369 1099 202100
4369 1258 -36120
4369 1285 2580
4369 1355 23220
4369 1429 -657900
4369 1433 145340
4369 1596 850540
4369 1722 -642420
4369 1765 -219300
4369 1867 61920
4369 1939 -711220
4369 1965 -503100
4369 2089 -381840
4369 2273 615760
4369 2287 -237360
4369 2321 288960
4369 2326 165980
4369 2341 674240
4369 2352 301860
4369 2367 399040
4369 2573 555560
4369 2690 -270040
4369 2721 48160
4369 2796 196940
4369 2954 279500
4369 3002 -610600
4369 3078 -388720
4369 3273 -122980
4369 3310 -227900
4369 3321 571900
4369 3461 327660
4369 3556 247680
4369 3707 373240
4369 3758 262300
4369 3790 43860
4369 3808 -82560
4369 3858 -680260
4369 3863 -827320
4369 3961 423980
4369 4083 -184900
4369 4117 145340
4369 4183 342280
4369 4436 741320
4369 4540 574480
4369 4736 -683700
4369 4882 -719820
4369 4910 791200
4369 4984 363780
4391 25 -679770
4391 102 -202437
4391 279 157617
4391 287 566226
4391 367 -189738
4391 408 605070
4391 644 -298053
4391 728 -436995
4391 731 -360054
4391 790 693216
4391 821 -177039
4391 1058 -461646
4391 1099 -175545
4391 1258 31374
4391 1285 -2241
4391 1355 -20169
4391 1429 571455
4391 1433 -126243
4391 1596 -738783
4391 1722 558009
4391 1765 190485
4391 1867 -53784
4391 1939 617769
4391 1965 436995
4391 2089 331668
4391 2273 -534852
4391 2287 206172
4391 2321 -250992
4391 2326 -144171
4391 2341 -585648
4391 2352 -262197
4391 2367 -346608
4391 2573 -482562
4391 2690 234558
4391 2721 -41832
4391 2796 -171063
4391 2954 -242775
4391 3002 530370
4391 3078 337644
4391 3273 106821
4391 3310 197955
4391 3321 -496755
4391 3461 -284607
4391 3556 -215136
4391 3707 -324198
4391 3758 -227835
4391 3790 -38097
4391 3808 71712
4391 3858 590877
4391 3863 718614
4391 3961 -368271
4391 4083 160605
4391 4117 -126243
4391 4183 -297306
4391 4436 -643914
4391 4540 -498996
4391 4736 593865
4391 4882 625239
4391 4910 -687240
4391 4984 -315981
4415 25 573300
4415 102 170730
4415 279 -132930
4415 287 -477540
4415 367 160020
4415 408 -510300
4415 644 251370
4415 728 368550
4415 731 303660
4415 790 -584640
4415 821 149310
4415 1058 389340
4415 1099 148050
4415 1258 -26460
4415 1285 1890
4415 1355 17010
4415 1429 -481950
4415 1433 106470
4415 1596 623070
4415 1722 -470610
4415 1765 -160650
4415 1867 45360
4415 1939 -521010
4415 1965 -368550
4415 2089 -279720
4415 2273 451080
4415 2287 -173880
4415 2321 211680
4415 2326 121590
4415 2341 493920
4415 2352 221130
4415 2367 292320
4415 2573 406980
4415 2690 -197820
4415 2721 35280
4415 2796 144270
4415 2954 204750
4415 3002 -447300
4415 3078 -284760
4415 3273 -90090
4415 3310 -166950
4415 3321 418950
4415 3461 240030
4415 3556 181440
4415 3707 273420
4415 3758 192150
4415 3790 32130
4415 3808 -60480
4415 3858 -498330
4415 3863 -606060
4415 3961 310590
4415 4083 -135450
4415 4117 106470
4415 4183 250740
4415 4436 543060
4415 4540 420840
4415 4736 -500850
4415 4882 -527310
4415 4910 579600
4415 4984 266490
4419 25 -802620
4419 102 -239022
4419 279 186102
4419 287 668556
4419 367 -224028
4419 408 714420
4419 644 -351918
4419 728 -515970
4419 731 -425124
4419 790 818496
4419 821 -209034
4419 1058 -545076
4419 1099 -207270
4419 1258 37044
4419 1285 -2646
4419 1355 -23814
4419 1429 674730
4419 1433 -149058
4419 1596 -872298
4419 1722 658854
4419 1765 224910
4419 1867 -63504
4419 1939 729414
4419 1965 515970
4419 2089 391608
4419 2273 -631512
4419 2287 243432
4419 2321 -296352
4419 2326 -170226
4419 2341 -691488
4419 2352 -309582
4419 2367 -409248
4419 2573 -569772
4419 2690 276948
4419 2721 -49392
4419 2796 -201978
4419 2954 -286650
4419 3002 626220
4419 3078 398664
4419 3273 126126
4419 3310 233730
4419 3321 -586530
4419 3461 -336042
4419 3556 -254016
4419 3707 -382788
4419 3758 -269010
4419 3790 -44982
4419 3808 84672
4419 3858 697662
4419 3863 848484
4419 3961 -434826
4419 4083 189630
4419 4117 -149058
4419 4183 -351036
4419 4436 -760284
4419 4540 -589176
4419 4736 701190
4419 4882 738234
4419 4910 -811440
4419 4984 -373086
4706 25 -892710
4706 102 -265851
4706 279 206991
4706 287 743598
4706 367 -249174
4706 408 794610
4706 644 -391419
4706 728 -573885
4706 731 -472842
4706 790 910368
4706 821 -232497
4706 1058 -606258
4706 1099 -230535
4706 1258 41202
4706 1285 -2943
4706 1355 -26487
4706 1429 750465
4706 1433 -165789
4706 1596 -970209
4706 1722 732807
4706 1765 250155
4706 1867 -70632
4706 1939 811287
4706 1965 573885
4706 2089 435564
4706 2273 -702396
4706 2287 270756
4706 2321 -329616
4706 2326 -189333
4706 2341 -769104
4706 2352 -344331
4706 2367 -455184
4706 2573 -633726
4706 2690 308034
4706 2721 -54936
4706 2796 -224649
4706 2954 -318825
4706 3002 696510
4706 3078 443412
4706 3273 140283
4706 3310 259965
4706 3321 -652365
4706 3461 -373761
4706 3556 -282528
4706 3707 -425754
4706 3758 -299205
4706 3790 -50031
4706 3808 94176
4706 3858 775971
4706 3863 943722
4706 3961 -483633
4706 4083 210915
4706 4117 -165789
4706 4183 -390438
4706 4436 -845622
4706 4540 -655308
4706 4736 779895
4706 4882 821097
4706 4910 -902520
4706 4984 -414963
4710 25 -50050
4710 102 -14905
4710 279 11605
4710 287 41690
4710 367 -13970
4710 408 44550
4710 644 -21945
4710 728 -32175
4710 731 -26510
4710 790 51040
4710 821 -13035
4710 1058 -33990
4710 1099 -12925
4710 1258 2310
4710 1285 -165
4710 1355 -1485
4710 1429 42075
4710 1433 -9295
4710 1596 -54395
4710 1722 41085
4710 1765 14025
4710 1867 -3960
4710 1939 45485
4710 1965 32175
4710 2089 24420
4710 2273 -39380
4710 2287 15180
4710 2321 -18480
4710 2326 -10615
4710 2341 -43120
4710 2352 -19305
4710 2367 -25520
4710 2573 -35530
4710 2690 17270
4710 2721 -3080
4710 2796 -12595
4710 2954 -17875
4710 3002 39050
4710 3078 24860
4710 3273 7865
4710 3310 14575
4710 3321 -36575
4710 3461 -20955
4710 3556 -15840
4710 3707 -23870
4710 3758 -16775
4710 3790 -2805
4710 3808 5280
4710 3858 43505
4710 3863 52910
4710 3961 -27115
4710 4083 11825
4710 4117 -9295
4710 4183 -21890
4710 4436 -47410
4710 4540 -36740
4710 4736 43725
4710 4882 46035
4710 4910 -50600
4710 4984 -23265
4737 25 -569660
4737 102 -169646
4737 279 132086
4737 287 474508
4737 367 -159004
4737 408 507060
4737 644 -249774
4737 728 -366210
4737 731 -301732
4737 790 580928
4737 821 -148362
4737 1058 -386868
4737 1099 -147110
4737 1258 26292
4737 1285 -1878
4737 1355 -16902
4737 1429 478890
4737 1433 -105794
4737 1596 -619114
4737 1722 467622
4737 1765 159630
4737 1867 -45072
4737 1939 517702
4737 1965 366210
4737 2089 277944
4737 2273 -448216
4737 2287 172776
4737 2321 -210336
4737 2326 -120818
4737 2341 -490784
4737 2352 -219726
4737 2367 -290464
4737 2573 -404396
4737 2690 196564
4737 2721 -35056
4737 2796 -143354
4737 2954 -203450
4737 3002 444460
4737 3078 282952
4737 3273 89518
4737 3310 165890
4737 3321 -416290
4737 3461 -238506
4737 3556 -180288
4737 3707 -271684
4737 3758 -190930
4737 3790 -31926
4737 3808 60096
4737 3858 495166
4737 3863 602212
4737 3961 -308618
4737 4083 134590
4737 4117 -105794
4737 4183 -249148
4737 4436 -539612
4737 4540 -418168
4737 4736 497670
4737 4882 523962
4737 4910 -575920
4737 4984 -264798
4932 25 129220
4932 102 38482
4932 279 -29962
4932 287 -107636
4932 367 36068
4932 408 -115020
4932 644 56658
4932 728 83070
4932 731 68444
4932 790 -131776
4932 821 33654
4932 1058 87756
4932 1099 33370
4932 1258 -5964
4932 1285 426
4932 1355 3834
4932 1429 -108630
4932 1433 23998
4932 1596 140438
4932 1722 -106074
4932 1765 -36210
4932 1867 10224
4932 1939 -117434
4932 1965 -83070
4932 2089 -63048
4932 2273 101672
4932 2287 -39192
4932 2321 47712
4932 2326 27406
4932 2341 111328
4932 2352 49842
4932 2367 65888
4932 2573 91732
4932 2690 -44588
4932 2721 7952
4932 2796 32518
4932 2954 46150
4932 3002 -100820
4932 3078 -64184
4932 3273 -20306
4932 3310 -37630
4932 3321 94430
4932 3461 54102
4932 3556 40896
4932 3707 61628
4932 3758 43310
4932 3790 7242
4932 3808 -13632
4932 3858 -112322
4932 3863 -136604
4932 3961 70006
4932 4083 -30530
4932 4117 23998
4932 4183 56516
4932 4436 122404
4932 4540 94856
4932 4736 -112890
4932 4882 -118854
4932 4910 130640
4932 4984 60066
