64 64 252
0 0 1
0 1 2
0 2 3
0 3 4
0 4 5
0 5 6
0 6 7
0 7 8
0 8 9
0 9 10
0 10 11
0 11 12
0 12 13
0 13 14
0 14 15
0 15 16
0 16 17
0 17 18
0 18 19
0 19 20
0 20 21
0 21 22
0 22 23
0 23 24
0 24 25
0 25 26
0 26 27
0 27 28
0 28 29
0 29 30
0 30 31
0 31 32
0 32 33
0 33 34
0 34 35
0 35 36
0 36 37
0 37 38
0 38 39
0 39 40
0 40 41
0 41 42
0 42 43
0 43 44
0 44 45
0 45 46
0 46 47
0 47 48
0 48 49
0 49 50
0 50 51
0 51 52
0 52 53
0 53 54
0 54 55
0 55 56
0 56 57
0 57 58
0 58 59
0 59 60
0 60 61
0 61 62
0 62 63
0 63 64
1 0 -1
1 1 -2
1 2 -3
1 3 -4
1 4 -5
1 5 -6
1 6 -7
1 7 -8
1 8 -9
1 9 -10
1 10 -11
1 11 -12
1 12 -13
1 13 -14
1 14 -15
1 15 -16
1 16 -17
1 17 -18
1 18 -19
1 19 -20
1 20 -21
1 21 -22
1 22 -23
1 23 -24
1 24 -25
1 25 -26
1 26 -27
1 27 -28
1 28 -29
1 29 -30
1 30 -31
1 31 -32
1 32 -33
1 33 -34
1 34 -35
1 35 -36
1 36 -37
1 37 -38
1 38 -39
1 39 -40
1 40 -41
1 41 -42
1 42 -43
1 43 -44
1 44 -45
1 45 -46
1 46 -47
1 47 -48
1 48 -49
1 49 -50
1 50 -51
1 51 -52
1 52 -53
1 53 -54
1 54 -55
1 55 -56
1 56 -57
1 57 -58
1 58 -59
1 59 -60
1 60 -61
1 61 -62
1 62 -63
1 63 -64
2 14 3
2 27 -4
3 21 4
3 34 -5
4 28 5
4 41 -6
5 35 6
5 48 -7
6 42 7
6 55 -8
7 49 8
7 62 -9
8 5 -10
8 56 9
9 12 -11
9 63 10
10 6 11
10 19 -12
11 13 12
11 26 -13
12 20 13
12 33 -14
13 27 14
13 40 -15
14 34 15
14 47 -16
15 41 16
15 54 -17
16 48 17
16 61 -18
17 4 -19
17 55 18
18 11 -20
18 62 19
19 5 20
19 18 -21
20 12 21
20 25 -22
21 19 22
21 32 -23
22 26 23
22 39 -24
23 33 24
23 46 -25
24 40 25
24 53 -26
25 47 26
25 60 -27
26 3 -28
26 54 27
27 10 -29
27 61 28
28 4 29
28 17 -30
29 11 30
29 24 -31
30 18 31
30 31 -32
31 25 32
31 38 -33
32 32 33
32 45 -34
33 39 34
33 52 -35
34 46 35
34 59 -36
35 2 -37
35 53 36
36 9 -38
36 60 37
37 3 38
37 16 -39
38 10 39
38 23 -40
39 17 40
39 30 -41
40 24 41
40 37 -42
41 31 42
41 44 -43
42 38 43
42 51 -44
43 45 44
43 58 -45
44 1 -46
44 52 45
45 8 -47
45 59 46
46 2 47
46 15 -48
47 9 48
47 22 -49
48 16 49
48 29 -50
49 23 50
49 36 -51
50 30 51
50 43 -52
51 37 52
51 50 -53
52 44 53
52 57 -54
53 0 -55
53 51 54
54 7 -56
54 58 55
55 1 56
55 14 -57
56 8 57
56 21 -58
57 15 58
57 28 -59
58 22 59
58 35 -60
59 29 60
59 42 -61
60 36 61
60 49 -62
61 43 62
61 56 -63
62 50 63
62 63 -64
63 6 -65
63 57 64
