64 64 128
0 0 5
0 1 1
1 0 6
1 1 2
2 0 7
2 1 3
3 0 8
3 1 4
4 0 9
4 1 1
5 0 5
5 1 2
6 0 6
6 1 3
7 0 7
7 1 4
8 0 8
8 1 1
9 0 9
9 1 2
10 0 5
10 1 3
11 0 6
11 1 4
12 0 7
12 1 1
13 0 8
13 1 2
14 0 9
14 1 3
15 0 5
15 1 4
16 0 6
16 1 1
17 0 7
17 1 2
18 0 8
18 1 3
19 0 9
19 1 4
20 0 5
20 1 1
21 0 6
21 1 2
22 0 7
22 1 3
23 0 8
23 1 4
24 0 9
24 1 1
25 0 5
25 1 2
26 0 6
26 1 3
27 0 7
27 1 4
28 0 8
28 1 1
29 0 9
29 1 2
30 0 5
30 1 3
31 0 6
31 1 4
32 0 7
32 1 1
33 0 8
33 1 2
34 0 9
34 1 3
35 0 5
35 1 4
36 0 6
36 1 1
37 0 7
37 1 2
38 0 8
38 1 3
39 0 9
39 1 4
40 0 5
40 1 1
41 0 6
41 1 2
42 0 7
42 1 3
43 0 8
43 1 4
44 0 9
44 1 1
45 0 5
45 1 2
46 0 6
46 1 3
47 0 7
47 1 4
48 0 8
48 1 1
49 0 9
49 1 2
50 0 5
50 1 3
51 0 6
51 1 4
52 0 7
52 1 1
53 0 8
53 1 2
54 0 9
54 1 3
55 0 5
55 1 4
56 0 6
56 1 1
57 0 7
57 1 2
58 0 8
58 1 3
59 0 9
59 1 4
60 0 5
60 1 1
61 0 6
61 1 2
62 0 7
62 1 3
63 0 8
63 1 4
