5000 1 60
51 0 -258
268 0 751
290 0 37
298 0 -51
497 0 939
498 0 -263
548 0 -578
639 0 312
758 0 525
786 0 271
868 0 913
953 0 -387
956 0 -557
977 0 411
990 0 283
1080 0 -196
1189 0 -241
1275 0 -675
1314 0 -643
1381 0 290
1460 0 -263
1598 0 93
1630 0 -400
1684 0 352
1948 0 407
1982 0 -855
2061 0 -398
2132 0 66
2307 0 -500
2351 0 -476
2407 0 46
2415 0 -624
2453 0 -639
2545 0 324
2579 0 -615
2854 0 212
2894 0 -16
3007 0 -777
3057 0 201
3394 0 -143
3423 0 735
3432 0 184
3450 0 -71
3773 0 166
3791 0 -504
4028 0 -393
4085 0 -602
4137 0 929
4154 0 937
4207 0 -696
4247 0 -38
4283 0 -910
4369 0 -860
4391 0 747
4415 0 -630
4419 0 882
4706 0 981
4710 0 55
4737 0 626
4932 0 -142
