1 5000 60
0 25 -910
0 102 -271
0 279 211
0 287 758
0 367 -254
0 408 810
0 644 -399
0 728 -585
0 731 -482
0 790 928
0 821 -237
0 1058 -618
0 1099 -235
0 1258 42
0 1285 -3
0 1355 -27
0 1429 765
0 1433 -169
0 1596 -989
0 1722 747
0 1765 255
0 1867 -72
0 1939 827
0 1965 585
0 2089 444
0 2273 -716
0 2287 276
0 2321 -336
0 2326 -193
0 2341 -784
0 2352 -351
0 2367 -464
0 2573 -646
0 2690 314
0 2721 -56
0 2796 -229
0 2954 -325
0 3002 710
0 3078 452
0 3273 143
0 3310 265
0 3321 -665
0 3461 -381
0 3556 -288
0 3707 -434
0 3758 -305
0 3790 -51
0 3808 96
0 3858 791
0 3863 962
0 3961 -493
0 4083 215
0 4117 -169
0 4183 -398
0 4436 -862
0 4540 -668
0 4736 795
0 4882 837
0 4910 -920
0 4984 -423
